Store Name,Store ID,Order ID,Workflow ID,Dining Mode,Order Channel,Order Status,Order Date / Refund date,Order Accept Time,Food Sales (excluding tax),Tax on Food Sales,Food sales (including tax),Adjustments (excluding tax),Tax on Adjustments,Promo Spend on food,Tax on Promotion on Food,Special Offer - Delivery,Tax on Special Offer - Delivery,Bag Fee,Marketing Service Fee Adjustment,Total Sales after Adjustments (including tax),Uber Service Fee,Delivery Network Fee,Order Processing Fee,Merchant Fee,Tax on Merchant Fee,Gratuity,Misc Payment Description,Miscellaneous Payments,Marketplace Facilitator Tax,Backup Withholding Tax,Payout,Payout Date,Markup Amount,Markup Tax,Service Fee %,Payout reference ID
Aroma Pizza,,#66592,713c4ab5-b065-4868-b5be-07feae666592,,Unknown,Refund,12/29/21,2:26 PM,-10.99,-0.85,-11.84,0,0,0,0,0,0,0,,0,0,,,0,0,0,,0,0.85,0,-10.99,1/3/22,,,,FBE3LPVGZCHIPXP
Aroma Pizza,,#4985C,1d753afd-a322-423f-b41b-42cb6f04985c,Delivery - Partner Using Uber App,UberEats iOS,Completed,1/1/22,1:46 PM,46.45,3.6,50.05,0,0,0,0,0,0,0,0,50.05,-8.83,0,0,0,0,0,,0,-3.6,0,37.62,1/3/22,0,0,19,FBE3LPVGZCHIPXP
Aroma Pizza,,#46D78,2634fde1-a208-4a3f-91ec-4d99e3c46d78,Delivery - Partner Using Uber App,UberEats Web,Completed,1/1/22,5:04 PM,39.64,3.07,42.71,0,0,0,0,0,0,0,0,42.71,-7.53,0,0,0,0,0,,0,-3.07,0,32.11,1/3/22,0,0,19,FBE3LPVGZCHIPXP
Aroma Pizza,,#E8840,16f4b2e7-5465-4c19-9186-d0d89d1e8840,Delivery - Partner Using Uber App,UberEats Android,Completed,1/1/22,4:56 PM,30.56,2.37,32.93,0,0,0,0,0,0,0,0,32.93,-5.81,0,0,0,0,0,,0,-2.37,0,24.75,1/3/22,0,0,19,FBE3LPVGZCHIPXP
Aroma Pizza,,#3A50C,17f6a020-9d4f-4cfe-acc9-d7903c23a50c,Delivery - Partner Using Uber App,UberEats Android,Completed,1/2/22,1:48 PM,25.74,1.99,27.73,0,0,0,0,0,0,0,0,27.73,-4.89,0,0,0,0,0,,0,-1.99,0,20.85,1/3/22,0,0,19,FBE3LPVGZCHIPXP
Aroma Pizza,,#69750,d9a1f147-6c63-416e-93e2-7ed284f69750,Delivery - Partner Using Uber App,Postmates iOS,Completed,1/2/22,4:35 PM,14.49,1.12,15.61,0,0,0,0,0,0,0,0,15.61,-2.75,0,0,0,0,0,,0,-1.12,0,11.74,1/3/22,0,0,19,FBE3LPVGZCHIPXP
Aroma Pizza,,#20B19,057471ed-ee0d-4407-95e1-38dfdac20b19,Delivery - Partner Using Uber App,UberEats iOS,Completed,1/2/22,6:13 PM,17.73,1.37,19.1,0,0,0,0,0,0,0,0,19.1,-3.37,0,0,0,0,0,,0,-1.37,0,14.36,1/3/22,0,0,19,FBE3LPVGZCHIPXP
Aroma Pizza,,#79DBA,bf7ca426-53b0-4d87-b214-8f53f3379dba,Delivery - Partner Using Uber App,UberEats iOS,Completed,1/2/22,6:21 PM,76.36,5.92,82.28,0,0,0,0,0,0,0,0,82.28,-14.51,0,0,0,0,0,,0,-5.92,0,61.85,1/3/22,0,0,19,FBE3LPVGZCHIPXP
Aroma Pizza,,#BCB42,6438d31a-8436-4923-a02d-98ec2ebbcb42,Delivery - Partner Using Uber App,Postmates Android,Completed,1/3/22,3:13 PM,19.26,1.49,20.75,0,0,0,0,0,0,0,0,20.75,-3.66,0,0,0,0,0,,0,-1.49,0,15.6,1/11/22,0,0,19,YH1Q9CV22RYK0LR
Aroma Pizza,,,,,Unknown,,,,0,0,0,0,0,0,0,0,0,0,0,0,0,0,0,0,0,0,Restaurant refunds,10.99,0,0,10.99,1/11/22,0,0,,YH1Q9CV22RYK0LR
Aroma Pizza,,#58B9F,52f34477-1079-417e-9116-53e4b3e58b9f,Delivery - Partner Using Uber App,UberEats iOS,Completed,1/3/22,6:02 PM,19.28,1.49,20.77,0,0,0,0,0,0,0,0,20.77,-3.66,0,0,0,0,0,,0,-1.49,0,15.62,1/11/22,0,0,19,YH1Q9CV22RYK0LR
Aroma Pizza,,#3477A,3b6e6880-9173-403c-bfb1-4ef464c3477a,Delivery - Partner Using Uber App,Postmates iOS,Completed,1/3/22,6:20 PM,15.74,1.22,16.96,0,0,0,0,0,0,0,0,16.96,-2.99,0,0,0,0,0,,0,-1.22,0,12.75,1/11/22,0,0,19,YH1Q9CV22RYK0LR
Aroma Pizza,,#D8D30,62381c2a-e3df-4e7a-99f1-c6bb9b2d8d30,Delivery - Partner Using Uber App,UberEats iOS,Completed,1/3/22,6:19 PM,22.72,1.76,24.48,0,0,0,0,0,0,0,0,24.48,-4.32,0,0,0,0,0,,0,-1.76,0,18.4,1/11/22,0,0,19,YH1Q9CV22RYK0LR
Aroma Pizza,,#0E14E,9c60d6f7-3c6a-4b1d-939a-b353ed20e14e,Delivery - Partner Using Uber App,Postmates iOS,Completed,1/3/22,7:04 PM,40.5,3.14,43.64,0,0,0,0,0,0,0,0,43.64,-7.7,0,0,0,0,0,,0,-3.14,0,32.8,1/11/22,0,0,19,YH1Q9CV22RYK0LR
Aroma Pizza,,#E1AED,cfc9ba4f-c538-4c85-a6cb-9ff95cde1aed,Delivery - Partner Using Uber App,UberEats Android,Completed,1/4/22,11:49 AM,29.95,2.32,32.27,0,0,0,0,0,0,0,0,32.27,-5.69,0,0,0,0,0,,0,-2.32,0,24.26,1/11/22,0,0,19,YH1Q9CV22RYK0LR
Aroma Pizza,,#91195,24914d76-ca01-4583-90ab-3fcef3d91195,Delivery - Partner Using Uber App,UberEats Web,Completed,1/4/22,12:46 PM,20.96,1.62,22.58,0,0,0,0,0,0,0,0,22.58,-3.98,0,0,0,0,0,,0,-1.62,0,16.98,1/11/22,0,0,19,YH1Q9CV22RYK0LR
Aroma Pizza,,#3F1F9,f06ddad4-8c9a-4845-a1c3-de32cec3f1f9,Delivery - Partner Using Uber App,Postmates iOS,Completed,1/4/22,5:33 PM,23.98,1.86,25.84,0,0,0,0,0,0,0,0,25.84,-4.56,0,0,0,0,0,,0,-1.86,0,19.42,1/11/22,0,0,19,YH1Q9CV22RYK0LR
Aroma Pizza,,#48FA6,3a7b506e-98de-402b-a2d3-be67de348fa6,Delivery - Partner Using Uber App,UberEats iOS,Completed,1/4/22,5:22 PM,30.2,2.34,32.54,0,0,0,0,0,0,0,0,32.54,-5.74,0,0,0,0,0,,0,-2.34,0,24.46,1/11/22,0,0,19,YH1Q9CV22RYK0LR
Aroma Pizza,,#69750,d9a1f147-6c63-416e-93e2-7ed284f69750,,Unknown,Refund,1/2/22,4:35 PM,-13.74,0,-13.74,0,0,0,0,0,0,0,,0,0,,,0,0,0,,0,0,0,-13.74,1/11/22,,,,YH1Q9CV22RYK0LR
Aroma Pizza,,#D1F2B,d229d0c5-8b51-4da9-a11a-536c728d1f2b,Delivery - Partner Using Uber App,Postmates Android,Completed,1/5/22,6:12 PM,25.98,2.01,27.99,0,0,0,0,0,0,0,0,27.99,-4.94,0,0,0,0,0,,0,-2.01,0,21.04,1/11/22,0,0,19,YH1Q9CV22RYK0LR
Aroma Pizza,,#B2DD4,4847cae9-cc3f-42b8-89d1-c28e5feb2dd4,Delivery - Partner Using Uber App,UberEats iOS,Completed,1/5/22,5:58 PM,41.98,3.25,45.23,0,0,0,0,0,0,0,0,45.23,-7.98,0,0,0,0,0,,0,-3.25,0,34,1/11/22,0,0,19,YH1Q9CV22RYK0LR
Aroma Pizza,,#F157F,7f3547a6-577a-4ab2-b8e8-cec26b9f157f,Delivery - Partner Using Uber App,UberEats iOS,Completed,1/5/22,9:22 PM,20.49,1.59,22.08,0,0,0,0,0,0,0,0,22.08,-3.89,0,0,0,0,0,,0,-1.59,0,16.6,1/11/22,0,0,19,YH1Q9CV22RYK0LR
Aroma Pizza,,#73769,2cf9e5df-e50a-46de-903e-6bbe42b73769,Delivery - Partner Using Uber App,UberEats iOS,Completed,1/6/22,11:04 AM,27.97,2.17,30.14,0,0,0,0,0,0,0,0,30.14,-5.31,0,0,0,0,0,,0,-2.17,0,22.66,1/11/22,0,0,19,YH1Q9CV22RYK0LR
Aroma Pizza,,#750E8,77456369-aca0-4312-914c-b32a7a0750e8,Delivery - Partner Using Uber App,Postmates Android,Completed,1/6/22,4:58 PM,28.47,2.21,30.68,0,0,0,0,0,0,0,0,30.68,-5.41,0,0,0,0,0,,0,-2.21,0,23.06,1/11/22,0,0,19,YH1Q9CV22RYK0LR
Aroma Pizza,,#AFDB3,4b366b76-e0cf-4bb5-bd7f-3784161afdb3,Delivery - Partner Using Uber App,UberEats iOS,Completed,1/6/22,5:44 PM,18.77,1.45,20.22,0,0,0,0,0,0,0,0,20.22,-3.57,0,0,0,0,0,,0,-1.45,0,15.2,1/11/22,0,0,19,YH1Q9CV22RYK0LR
Aroma Pizza,,#DE252,6b813cd4-9612-4ecb-ad14-937a6fdde252,Delivery - Partner Using Uber App,Postmates iOS,Completed,1/6/22,5:34 PM,28.22,2.19,30.41,0,0,0,0,0,0,0,0,30.41,-5.36,0,0,0,0,0,,0,-2.19,0,22.86,1/11/22,0,0,19,YH1Q9CV22RYK0LR
Aroma Pizza,,#52131,10453de3-fd99-4763-b6ab-5b25ba152131,Delivery - Partner Using Uber App,UberEats iOS,Completed,1/6/22,7:05 PM,43.69,3.39,47.08,0,0,0,0,0,0,0,0,47.08,-8.3,0,0,0,0,0,,0,-3.39,0,35.39,1/11/22,0,0,19,YH1Q9CV22RYK0LR
Aroma Pizza,,#14E01,c07b76e8-9988-4b48-96dc-2cfe20514e01,Delivery - Partner Using Uber App,UberEats Android,Completed,1/6/22,7:16 PM,26.97,2.09,29.06,0,0,0,0,0,0,0,0,29.06,-5.12,0,0,0,0,0,,0,-2.09,0,21.85,1/11/22,0,0,19,YH1Q9CV22RYK0LR
Aroma Pizza,,#0C5FA,b9e133fe-0659-42e8-8663-6f638170c5fa,Delivery - Partner Using Uber App,Postmates iOS,Completed,1/7/22,11:26 AM,20.99,1.63,22.62,0,0,0,0,0,0,0,0,22.62,-3.99,0,0,0,0,0,,0,-1.63,0,17,1/11/22,0,0,19,YH1Q9CV22RYK0LR
Aroma Pizza,,#07442,870f6775-ef2c-4734-8d6e-a47fa3b07442,Delivery - Partner Using Uber App,UberEats iOS,Completed,1/7/22,4:41 PM,41.15,3.19,44.34,0,0,0,0,0,0,0,0,44.34,-7.82,0,0,0,0,0,,0,-3.19,0,33.33,1/11/22,0,0,19,YH1Q9CV22RYK0LR
Aroma Pizza,,#8D220,05b01f2c-e0f9-481e-8126-06cea778d220,Delivery - Partner Using Uber App,UberEats iOS,Completed,1/7/22,5:27 PM,21.57,1.67,23.24,0,0,0,0,0,0,0,0,23.24,-4.1,0,0,0,0,0,,0,-1.67,0,17.47,1/11/22,0,0,19,YH1Q9CV22RYK0LR
Aroma Pizza,,#9E8D6,ec3e19a9-b026-49c8-a37c-f1250c79e8d6,Delivery - Partner Using Uber App,UberEats iOS,Completed,1/7/22,7:10 PM,54.91,4.26,59.17,0,0,0,0,0,0,0,0,59.17,-10.43,0,0,0,0,0,,0,-4.26,0,44.48,1/11/22,0,0,19,YH1Q9CV22RYK0LR
Aroma Pizza,,#EB85D,24a3578e-01a4-453f-b7db-5d80cfdeb85d,Delivery - Partner Using Uber App,UberEats Android,Completed,1/7/22,9:07 PM,20.47,1.59,22.06,0,0,0,0,0,0,0,0,22.06,-3.89,0,0,0,0,0,,0,-1.59,0,16.58,1/11/22,0,0,19,YH1Q9CV22RYK0LR
Aroma Pizza,,#44D2C,bbdb3f35-f8fc-42f3-b72a-747f57c44d2c,Delivery - Partner Using Uber App,UberEats iOS,Completed,1/8/22,11:24 AM,15.97,1.24,17.21,0,0,0,0,0,0,0,0,17.21,-3.03,0,0,0,0,0,,0,-1.24,0,12.94,1/11/22,0,0,19,YH1Q9CV22RYK0LR
Aroma Pizza,,#BFD5F,019d5dca-798c-4daf-93e8-5627c30bfd5f,Delivery - Partner Using Uber App,UberEats Web,Completed,1/8/22,12:25 PM,29.96,2.32,32.28,0,0,0,0,0,0,0,0,32.28,-5.69,0,0,0,0,0,,0,-2.32,0,24.27,1/11/22,0,0,19,YH1Q9CV22RYK0LR
Aroma Pizza,,#1AB0A,2ae5d7bd-9e8d-49a9-9b73-620d4e61ab0a,Delivery - Partner Using Uber App,Postmates Web,Completed,1/8/22,12:51 PM,57.94,4.49,62.43,0,0,0,0,0,0,0,0,62.43,-11.01,0,0,0,0,0,,0,-4.49,0,46.93,1/11/22,0,0,19,YH1Q9CV22RYK0LR
Aroma Pizza,,#22B3C,bbccd765-930c-415f-b765-8869bc322b3c,Delivery - Partner Using Uber App,UberEats Android,Completed,1/8/22,3:23 PM,49.53,3.84,53.37,0,0,0,0,0,0,0,0,53.37,-9.41,0,0,0,0,0,,0,-3.84,0,40.12,1/11/22,0,0,19,YH1Q9CV22RYK0LR
Aroma Pizza,,#395BC,9cb825a4-f766-4586-82d4-93483b7395bc,Delivery - Partner Using Uber App,UberEats iOS,Completed,1/8/22,6:13 PM,13.99,1.08,15.07,0,0,0,0,0,0,0,0,15.07,-2.66,0,0,0,0,0,,0,-1.08,0,11.33,1/11/22,0,0,19,YH1Q9CV22RYK0LR
Aroma Pizza,,#BAC1B,26a521d7-b730-43de-9f00-e6ece7bbac1b,Delivery - Partner Using Uber App,Postmates iOS,Completed,1/8/22,6:31 PM,12.99,1.01,14,0,0,0,0,0,0,0,0,14,-2.47,0,0,0,0,0,,0,-1.01,0,10.52,1/11/22,0,0,19,YH1Q9CV22RYK0LR
Aroma Pizza,,#07169,85849463-d57f-45f4-8de6-44e5b1507169,Delivery - Partner Using Uber App,Postmates Android,Completed,1/8/22,7:32 PM,51.93,4.02,55.95,0,0,0,0,0,0,0,0,55.95,-9.87,0,0,0,0,0,,0,-4.02,0,42.06,1/11/22,0,0,19,YH1Q9CV22RYK0LR
Aroma Pizza,,#59F09,f3e4d385-6aa3-448c-8885-d256f2059f09,Delivery - Partner Using Uber App,UberEats iOS,Completed,1/9/22,10:47 AM,26.98,2.09,29.07,0,0,0,0,0,0,0,0,29.07,-5.13,0,0,0,0,0,,0,-2.09,0,21.85,1/11/22,0,0,19,YH1Q9CV22RYK0LR
Aroma Pizza,,#4FFF9,51d81956-604c-49be-a96e-1de66844fff9,Pickup,UberEats iOS,Completed,1/9/22,11:33 AM,55.25,4.28,59.53,0,0,0,0,0,0,0,0,59.53,-3.32,0,0,0,0,0,,0,-4.28,0,51.93,1/11/22,0,0,6,YH1Q9CV22RYK0LR
Aroma Pizza,,#7EA17,9e3daf4f-474a-4f2b-869a-b8d8d217ea17,Delivery - Partner Using Uber App,Postmates Web,Completed,1/9/22,1:51 PM,55.62,4.31,59.93,0,0,0,0,0,0,0,0,59.93,-10.57,0,0,0,0,0,,0,-4.31,0,45.05,1/11/22,0,0,19,YH1Q9CV22RYK0LR
Aroma Pizza,,#39287,d3da2d5c-a32d-4dcd-a9af-dcd0ab939287,Delivery - Partner Using Uber App,Postmates Android,Completed,1/9/22,5:22 PM,25.98,2.01,27.99,0,0,0,0,0,0,0,0,27.99,-4.94,0,0,0,0,0,,0,-2.01,0,21.04,1/11/22,0,0,19,YH1Q9CV22RYK0LR
Aroma Pizza,,#3393E,1fcb13a6-44aa-4a2b-a870-df436653393e,Delivery - Partner Using Uber App,UberEats iOS,Completed,1/9/22,6:03 PM,40.96,3.17,44.13,0,0,0,0,0,0,0,0,44.13,-7.78,0,0,0,0,0,,0,-3.17,0,33.18,1/11/22,0,0,19,YH1Q9CV22RYK0LR
Aroma Pizza,,#78901,fa73891c-c440-4c81-baf3-7e0a04378901,Delivery - Partner Using Uber App,UberEats iOS,Completed,1/9/22,6:14 PM,21.48,1.66,23.14,0,0,0,0,0,0,0,0,23.14,-4.08,0,0,0,0,0,,0,-1.66,0,17.4,1/11/22,0,0,19,YH1Q9CV22RYK0LR
Aroma Pizza,,#DC2E0,cd17d09d-6f67-4516-a370-a486c6adc2e0,Delivery - Partner Using Uber App,UberEats iOS,Completed,1/9/22,6:54 PM,19.28,1.49,20.77,0,0,0,0,0,0,0,0,20.77,-3.66,0,0,0,0,0,,0,-1.49,0,15.62,1/11/22,0,0,19,YH1Q9CV22RYK0LR
Aroma Pizza,,#CC34A,a97cc80f-9341-40d4-836d-14b68d3cc34a,Delivery - Partner Using Uber App,UberEats iOS,Completed,1/9/22,8:15 PM,21.96,1.7,23.66,0,0,0,0,0,0,0,0,23.66,-4.17,0,0,0,0,0,,0,-1.7,0,17.79,1/11/22,0,0,19,YH1Q9CV22RYK0LR
Aroma Pizza,,#7B8DF,20025cc7-6e19-4161-8fb7-e62edc27b8df,Delivery - Partner Using Uber App,UberEats Android,Completed,1/10/22,5:24 PM,34.98,2.71,37.69,0,0,0,0,0,0,0,0,37.69,-6.65,0,0,0,0,0,,0,-2.71,0,28.33,1/18/22,0,0,19,WXPC7TXFY7QWTU1
Aroma Pizza,,#681F6,b11b424b-694c-4fb6-a2dd-860f0f4681f6,Delivery - Partner Using Uber App,UberEats Android,Completed,1/10/22,5:32 PM,13.98,1.08,15.06,0,0,0,0,0,0,0,0,15.06,-2.66,0,0,0,0,0,,0,-1.08,0,11.32,1/18/22,0,0,19,WXPC7TXFY7QWTU1
Aroma Pizza,,#0A635,af48e213-3d3e-4eea-aa69-6523a690a635,Delivery - Partner Using Uber App,UberEats iOS,Completed,1/10/22,5:41 PM,77.16,5.98,83.14,0,0,0,0,0,0,0,0,83.14,-14.66,0,0,0,0,0,,0,-5.98,0,62.5,1/18/22,0,0,19,WXPC7TXFY7QWTU1
Aroma Pizza,,#5DB02,1ebce045-3086-47a1-9393-3a82c755db02,Delivery - Partner Using Uber App,Postmates iOS,Completed,1/10/22,6:32 PM,49.96,3.87,53.83,0,0,0,0,0,0,0,0,53.83,-9.49,0,0,0,0,0,,0,-3.87,0,40.47,1/18/22,0,0,19,WXPC7TXFY7QWTU1
Aroma Pizza,,#182D6,9bfb7624-d619-48eb-9170-db71a85182d6,Delivery - Partner Using Uber App,Postmates iOS,Completed,1/10/22,8:04 PM,36.46,2.83,39.29,0,0,0,0,0,0,0,0,39.29,-6.93,0,0,0,0,0,,0,-2.83,0,29.53,1/18/22,0,0,19,WXPC7TXFY7QWTU1
Aroma Pizza,,#37F32,75d301f1-a08b-46f8-ba36-6df08e237f32,Delivery - Partner Using Uber App,UberEats Android,Completed,1/11/22,3:49 PM,23.98,1.86,25.84,0,0,0,0,0,0,0,0,25.84,-4.56,0,0,0,0,0,,0,-1.86,0,19.42,1/18/22,0,0,19,WXPC7TXFY7QWTU1
Aroma Pizza,,#1731C,2feddb14-4b30-4115-a1d4-ced4e771731c,Delivery - Partner Using Uber App,UberEats Android,Completed,1/11/22,4:17 PM,38.69,2.77,41.46,0,0,0,0,0,0,0,0,41.46,-7.35,0,0,0,0,0,,0,-2.77,0,31.34,1/18/22,0,0,19,WXPC7TXFY7QWTU1
Aroma Pizza,,#A0557,bdb1f861-656c-4838-b397-604532fa0557,Pickup,UberEats Android,Completed,1/11/22,8:44 PM,19.74,1.53,21.27,0,0,0,0,0,0,0,0,21.27,-1.18,0,0,0,0,0,,0,-1.53,0,18.56,1/18/22,0,0,6,WXPC7TXFY7QWTU1
Aroma Pizza,,#51DFD,dc198961-0b0e-40cd-8420-f55c05151dfd,Delivery - Partner Using Uber App,UberEats iOS,Completed,1/12/22,5:27 PM,30.73,2.38,33.11,0,0,0,0,0,0,0,0,33.11,-5.84,0,0,0,0,0,,0,-2.38,0,24.89,1/18/22,0,0,19,WXPC7TXFY7QWTU1
Aroma Pizza,,#ECDFA,61e40487-71f0-4018-9d82-5987e0aecdfa,Delivery - Partner Using Uber App,UberEats iOS,Completed,1/12/22,5:15 PM,19.73,1.53,21.26,0,0,0,0,0,0,0,0,21.26,-3.75,0,0,0,0,0,,0,-1.53,0,15.98,1/18/22,0,0,19,WXPC7TXFY7QWTU1
Aroma Pizza,,#91F49,4b8fb873-2d4f-482e-9a96-a98586591f49,Delivery - Partner Using Uber App,UberEats Web,Completed,1/12/22,5:40 PM,21.47,1.66,23.13,0,0,0,0,0,0,0,0,23.13,-4.08,0,0,0,0,0,,0,-1.66,0,17.39,1/18/22,0,0,19,WXPC7TXFY7QWTU1
Aroma Pizza,,#D3542,6fbabba3-933a-4d0a-a2c5-5bf3f54d3542,Delivery - Partner Using Uber App,Postmates iOS,Completed,1/12/22,6:09 PM,43.49,3.37,46.86,0,0,0,0,0,0,0,0,46.86,-8.26,0,0,0,0,0,,0,-3.37,0,35.23,1/18/22,0,0,19,WXPC7TXFY7QWTU1
Aroma Pizza,,#5B568,1f7078c2-2fc9-4c92-9d70-8910e3c5b568,Delivery - Partner Using Uber App,UberEats iOS,Completed,1/12/22,7:26 PM,23.48,1.82,25.3,0,0,0,0,0,0,0,0,25.3,-4.46,0,0,0,0,0,,0,-1.82,0,19.02,1/18/22,0,0,19,WXPC7TXFY7QWTU1
Aroma Pizza,,#B5BDC,3a36dc05-68ab-4107-abc2-a697b3cb5bdc,Delivery - Partner Using Uber App,UberEats iOS,Completed,1/12/22,8:19 PM,20.49,1.59,22.08,0,0,0,0,0,0,0,0,22.08,-3.89,0,0,0,0,0,,0,-1.59,0,16.6,1/18/22,0,0,19,WXPC7TXFY7QWTU1
Aroma Pizza,,#25AF0,360cab1b-d2d5-460f-9772-613f71525af0,Delivery - Partner Using Uber App,Postmates iOS,Completed,1/13/22,10:43 AM,46.2,3.58,49.78,0,0,0,0,0,0,0,0,49.78,-8.78,0,0,0,0,0,,0,-3.58,0,37.42,1/18/22,0,0,19,WXPC7TXFY7QWTU1
Aroma Pizza,,#50923,621da1e7-24f8-40d0-9dc4-e6860d550923,Delivery - Partner Using Uber App,Postmates iOS,Completed,1/13/22,12:59 PM,36.35,2.82,39.17,0,0,0,0,0,0,0,0,39.17,-6.91,0,0,0,0,0,,0,-2.82,0,29.44,1/18/22,0,0,19,WXPC7TXFY7QWTU1
Aroma Pizza,,#64232,ec859a4d-779f-4c18-98fe-77e3d1364232,Delivery - Partner Using Uber App,Postmates iOS,Completed,1/13/22,2:17 PM,27.47,2.13,29.6,0,0,0,0,0,0,0,0,29.6,-5.22,0,0,0,0,0,,0,-2.13,0,22.25,1/18/22,0,0,19,WXPC7TXFY7QWTU1
Aroma Pizza,,#8C5C3,7e0dce62-4f98-4d5e-b79b-c2769bd8c5c3,Delivery - Partner Using Uber App,Postmates Android,Completed,1/13/22,3:25 PM,47.94,3.72,51.66,0,0,0,0,0,0,0,0,51.66,-9.11,0,0,0,0,0,,0,-3.72,0,38.83,1/18/22,0,0,19,WXPC7TXFY7QWTU1
Aroma Pizza,,#3CBE2,f43e1f4c-3944-41c4-9205-0973ec03cbe2,Delivery - Partner Using Uber App,UberEats Web,Completed,1/13/22,3:57 PM,25.98,2.01,27.99,0,0,0,0,0,0,0,0,27.99,-4.94,0,0,0,0,0,,0,-2.01,0,21.04,1/18/22,0,0,19,WXPC7TXFY7QWTU1
Aroma Pizza,,#B48E8,8eb5f788-36ed-4a03-a554-9b79e4db48e8,Delivery - Partner Using Uber App,UberEats iOS,Completed,1/13/22,4:18 PM,32.7,2.53,35.23,0,0,0,0,0,0,0,0,35.23,-6.21,0,0,0,0,0,,0,-2.53,0,26.49,1/18/22,0,0,19,WXPC7TXFY7QWTU1
Aroma Pizza,,#F31DB,5cd90901-d7a0-447a-8a1d-8fe8c49f31db,Delivery - Partner Using Uber App,UberEats iOS,Completed,1/13/22,4:53 PM,48.96,3.79,52.75,0,0,0,0,0,0,0,0,52.75,-9.3,0,0,0,0,0,,0,-3.79,0,39.66,1/18/22,0,0,19,WXPC7TXFY7QWTU1
Aroma Pizza,,#F191B,7b47c6c1-c6d4-482b-8229-f21a110f191b,Delivery - Partner Using Uber App,Postmates iOS,Completed,1/13/22,5:30 PM,35.72,2.77,38.49,0,0,0,0,0,0,0,0,38.49,-6.79,0,0,0,0,0,,0,-2.77,0,28.93,1/18/22,0,0,19,WXPC7TXFY7QWTU1
Aroma Pizza,,#908E1,9ea2ffde-6618-47ee-b17a-b9bd8f7908e1,Delivery - Partner Using Uber App,UberEats Android,Completed,1/13/22,6:53 PM,15.99,1.24,17.23,0,0,0,0,0,0,0,0,17.23,-3.04,0,0,0,0,0,,0,-1.24,0,12.95,1/18/22,0,0,19,WXPC7TXFY7QWTU1
Aroma Pizza,,#C1440,a87259fd-7f3f-443b-95c4-0582c8bc1440,Delivery - Partner Using Uber App,Postmates iOS,Completed,1/13/22,8:31 PM,44.97,3.49,48.46,0,0,0,0,0,0,0,0,48.46,-8.54,0,0,0,0,0,,0,-3.49,0,36.43,1/18/22,0,0,19,WXPC7TXFY7QWTU1
Aroma Pizza,,#AAFAD,553e1297-4cf2-4071-9876-0ff1cd7aafad,Delivery - Partner Using Uber App,UberEats Android,Completed,1/13/22,8:31 PM,25.98,2.01,27.99,0,0,0,0,0,0,0,0,27.99,-4.94,0,0,0,0,0,,0,-2.01,0,21.04,1/18/22,0,0,19,WXPC7TXFY7QWTU1
Aroma Pizza,,,,,Unknown,,,,0,0,0,0,0,0,0,0,0,0,0,0,0,0,0,0,0,0,Restaurant refunds,13.74,0,0,13.74,1/18/22,0,0,,WXPC7TXFY7QWTU1
Aroma Pizza,,#55666,61f2c7d7-8011-4d51-a867-4f3dd0855666,Delivery - Partner Using Uber App,Postmates iOS,Completed,1/14/22,12:28 PM,21.71,1.68,23.39,0,0,0,0,0,0,0,0,23.39,-4.12,0,0,0,0,0,,0,-1.68,0,17.59,1/18/22,0,0,19,WXPC7TXFY7QWTU1
Aroma Pizza,,#D5DF4,d8f60dd3-f051-46fe-af2d-72feba5d5df4,Delivery - Partner Using Uber App,UberEats iOS,Completed,1/14/22,4:11 PM,45.43,3.52,48.95,0,0,0,0,0,0,0,0,48.95,-8.63,0,0,0,0,0,,0,-3.52,0,36.8,1/18/22,0,0,19,WXPC7TXFY7QWTU1
Aroma Pizza,,#EF0F2,36c54825-f8da-43a9-9066-5b1960bef0f2,Delivery - Partner Using Uber App,UberEats iOS,Completed,1/14/22,5:25 PM,52.14,4.04,56.18,0,0,0,0,0,0,0,0,56.18,-9.91,0,0,0,0,0,,0,-4.04,0,42.23,1/18/22,0,0,19,WXPC7TXFY7QWTU1
Aroma Pizza,,#19692,65e4e6e7-af10-48f1-81b5-51a3ed919692,Delivery - Partner Using Uber App,UberEats iOS,Completed,1/14/22,4:49 PM,54.42,4.22,58.64,0,0,0,0,0,0,0,0,58.64,-10.34,0,0,0,0,0,,0,-4.22,0,44.08,1/18/22,0,0,19,WXPC7TXFY7QWTU1
Aroma Pizza,,#A2C5D,c67ac039-87a5-4def-91e3-c15cbf7a2c5d,Pickup,UberEats iOS,Completed,1/14/22,6:09 PM,23.47,1.82,25.29,0,0,0,0,0,0,0,0,25.29,-1.41,0,0,0,0,0,,0,-1.82,0,22.06,1/18/22,0,0,6,WXPC7TXFY7QWTU1
Aroma Pizza,,#A1C95,8d813906-f54e-48aa-9d8e-0395212a1c95,Delivery - Partner Using Uber App,UberEats iOS,Completed,1/14/22,8:25 PM,11.48,0.89,12.37,0,0,0,0,0,0,0,0,12.37,-2.18,0,0,0,0,0,,0,-0.89,0,9.3,1/18/22,0,0,19,WXPC7TXFY7QWTU1
Aroma Pizza,,#48568,d6486623-ae58-493c-93d7-a083fa848568,Delivery - Partner Using Uber App,UberEats iOS,Completed,1/15/22,11:25 AM,36.97,2.87,39.84,0,0,0,0,0,0,0,0,39.84,-7.02,0,0,0,0,0,,0,-2.87,0,29.95,1/18/22,0,0,19,WXPC7TXFY7QWTU1
Aroma Pizza,,#C2780,20e681d7-97bb-4269-8884-e87dc3bc2780,Delivery - Partner Using Uber App,Postmates iOS,Completed,1/15/22,3:47 PM,58.26,4.52,62.78,0,0,0,0,0,0,0,0,62.78,-11.07,0,0,0,0,0,,0,-4.52,0,47.19,1/18/22,0,0,19,WXPC7TXFY7QWTU1
Aroma Pizza,,#05E24,05563e08-4d9e-4c82-9a78-fcd706405e24,Delivery - Partner Using Uber App,UberEats iOS,Completed,1/15/22,5:46 PM,36.05,2.79,38.84,0,0,0,0,0,0,0,0,38.84,-6.85,0,0,0,0,0,,0,-2.79,0,29.2,1/18/22,0,0,19,WXPC7TXFY7QWTU1
Aroma Pizza,,#574EF,922aceb8-7a4f-49a4-82e8-35feafa574ef,Delivery - Partner Using Uber App,UberEats iOS,Completed,1/15/22,6:12 PM,31.22,2.42,33.64,0,0,0,0,0,0,0,0,33.64,-5.93,0,0,0,0,0,,0,-2.42,0,25.29,1/18/22,0,0,19,WXPC7TXFY7QWTU1
Aroma Pizza,,#3CE33,93c23531-0665-4fdd-93a4-5033a4c3ce33,Delivery - Partner Using Uber App,Postmates Android,Completed,1/15/22,6:56 PM,20.96,1.62,22.58,0,0,0,0,0,0,0,0,22.58,-3.98,0,0,0,0,0,,0,-1.62,0,16.98,1/18/22,0,0,19,WXPC7TXFY7QWTU1
Aroma Pizza,,#D5AAC,d331d6c7-f008-4381-a483-a30bc55d5aac,Delivery - Partner Using Uber App,UberEats iOS,Completed,1/15/22,7:52 PM,24.73,1.92,26.65,0,0,0,0,0,0,0,0,26.65,-4.7,0,0,0,0,0,,0,-1.92,0,20.03,1/18/22,0,0,19,WXPC7TXFY7QWTU1
Aroma Pizza,,#5F063,d2b793f7-cbbe-4f3c-a657-14f9e035f063,Delivery - Partner Using Uber App,Postmates iOS,Completed,1/15/22,8:34 PM,50.26,3.9,54.16,0,0,0,0,0,0,0,0,54.16,-9.55,0,0,0,0,0,,0,-3.9,0,40.71,1/18/22,0,0,19,WXPC7TXFY7QWTU1
Aroma Pizza,,#4FA9F,ac8ebe27-4ab2-439e-b7f6-58008be4fa9f,Delivery - Partner Using Uber App,Postmates Android,Completed,1/15/22,9:20 PM,22.58,1.75,24.33,0,0,0,0,0,0,0,0,24.33,-4.29,0,0,0,0,0,,0,-1.75,0,18.29,1/18/22,0,0,19,WXPC7TXFY7QWTU1
Aroma Pizza,,#A5455,b15fee80-ef4c-4501-aadf-2f2be0ca5455,Delivery - Partner Using Uber App,Postmates iOS,Completed,1/16/22,12:08 PM,51.94,4.03,55.97,0,0,0,0,0,0,0,0,55.97,-9.87,0,0,0,0,0,,0,-4.03,0,42.07,1/18/22,0,0,19,WXPC7TXFY7QWTU1
Aroma Pizza,,#0D053,22621914-42e8-4275-b492-c8d1e930d053,Delivery - Partner Using Uber App,UberEats iOS,Completed,1/16/22,12:22 PM,30.96,2.4,33.36,0,0,0,0,0,0,0,0,33.36,-5.88,0,0,0,0,0,,0,-2.4,0,25.08,1/18/22,0,0,19,WXPC7TXFY7QWTU1
Aroma Pizza,,#D491C,22748732-c67a-4f3f-9b8f-447c084d491c,Delivery - Partner Using Uber App,UberEats iOS,Completed,1/16/22,4:33 PM,41.15,3.19,44.34,0,0,0,0,0,0,0,0,44.34,-7.82,0,0,0,0,0,,0,-3.19,0,33.33,1/18/22,0,0,19,WXPC7TXFY7QWTU1
Aroma Pizza,,#7D709,e273cc38-be12-44ea-9f2e-a603a0b7d709,Delivery - Partner Using Uber App,UberEats iOS,Completed,1/16/22,5:10 PM,18.47,1.43,19.9,0,0,0,0,0,0,0,0,19.9,-3.51,0,0,0,0,0,,0,-1.43,0,14.96,1/18/22,0,0,19,WXPC7TXFY7QWTU1
Aroma Pizza,,#4305E,61fb2a1e-54ed-4fa9-b7fa-5ec15184305e,Delivery - Partner Using Uber App,Postmates Android,Completed,1/16/22,5:26 PM,23.77,1.84,25.61,0,0,0,0,0,0,0,0,25.61,-4.52,0,0,0,0,0,,0,-1.84,0,19.25,1/18/22,0,0,19,WXPC7TXFY7QWTU1
Aroma Pizza,,#E4B19,d32ba2da-d92e-4362-8a49-1dc644fe4b19,Delivery - Partner Using Uber App,UberEats iOS,Completed,1/16/22,6:12 PM,29.98,2.32,32.3,0,0,0,0,0,0,0,0,32.3,-5.7,0,0,0,0,0,,0,-2.32,0,24.28,1/18/22,0,0,19,WXPC7TXFY7QWTU1
Aroma Pizza,,#903C2,c0db8067-335e-4c16-a1b5-c1e25d6903c2,Delivery - Partner Using Uber App,UberEats iOS,Completed,1/16/22,7:10 PM,15.96,1.24,17.2,0,0,0,0,0,0,0,0,17.2,-3.03,0,0,0,0,0,,0,-1.24,0,12.93,1/18/22,0,0,19,WXPC7TXFY7QWTU1
Aroma Pizza,,#86AEE,47fbbe62-7050-45f8-b789-c1ac2b786aee,Delivery - Partner Using Uber App,UberEats iOS,Completed,1/16/22,7:03 PM,16.98,1.32,18.3,0,0,0,0,0,0,0,0,18.3,-3.23,0,0,0,0,0,,0,-1.32,0,13.75,1/18/22,0,0,19,WXPC7TXFY7QWTU1
Aroma Pizza,,#20C74,4a601f38-d0b1-4ad0-b4dc-665651620c74,Delivery - Partner Using Uber App,UberEats iOS,Completed,1/17/22,3:33 PM,18.97,1.47,20.44,0,0,0,0,0,0,0,0,20.44,-3.6,0,0,0,0,0,,0,-1.47,0,15.37,1/25/22,0,0,19,6BMM7WKW07V7J1T
Aroma Pizza,,#22B34,7a44e4ab-8440-479b-976e-966048222b34,Delivery - Partner Using Uber App,UberEats iOS,Completed,1/17/22,4:49 PM,15.21,1.18,16.39,0,0,0,0,0,0,0,0,16.39,-2.89,0,0,0,0,0,,0,-1.18,0,12.32,1/25/22,0,0,19,6BMM7WKW07V7J1T
Aroma Pizza,,#1003B,01497f31-5898-4112-8657-0f20d571003b,Delivery - Partner Using Uber App,UberEats iOS,Completed,1/17/22,6:42 PM,38.97,3.02,41.99,0,0,0,0,0,0,0,0,41.99,-7.4,0,0,0,0,0,,0,-3.02,0,31.57,1/25/22,0,0,19,6BMM7WKW07V7J1T
Aroma Pizza,,#59C08,670a5698-34be-45f1-b647-a79f55a59c08,Delivery - Partner Using Uber App,UberEats iOS,Completed,1/17/22,6:57 PM,36.96,2.86,39.82,0,0,0,0,0,0,0,0,39.82,-7.02,0,0,0,0,0,,0,-2.86,0,29.94,1/25/22,0,0,19,6BMM7WKW07V7J1T
Aroma Pizza,,#DD4C9,9af403d3-5b49-4e7c-bfc9-9fbe507dd4c9,Delivery - Partner Using Uber App,UberEats iOS,Completed,1/17/22,7:00 PM,42.69,3.31,46,0,0,0,0,0,0,0,0,46,-8.11,0,0,0,0,0,,0,-3.31,0,34.58,1/25/22,0,0,19,6BMM7WKW07V7J1T
Aroma Pizza,,#683CE,2eb5bd72-3b58-4d65-bf51-9a28d4a683ce,Pickup,UberEats iOS,Completed,1/17/22,6:33 PM,49.94,3.87,53.81,0,0,0,0,0,0,0,0,53.81,-3,0,0,0,0,0,,0,-3.87,0,46.94,1/25/22,0,0,6,6BMM7WKW07V7J1T
Aroma Pizza,,#BD43C,3e679715-0ec7-4028-a47d-9693b98bd43c,Delivery - Partner Using Uber App,UberEats iOS,Completed,1/18/22,3:05 PM,46.18,3.58,49.76,0,0,-10.99,-0.85,0,0,0,3.3,49.76,-7.31,0,0,0,0,0,,0,-2.73,0,31.18,1/25/22,0,0,19,6BMM7WKW07V7J1T
Aroma Pizza,,#901A6,7e8e90b8-7381-4493-b5a1-88fe003901a6,Delivery - Partner Using Uber App,UberEats iOS,Completed,1/18/22,3:36 PM,48.16,3.73,51.89,0,0,0,0,0,0,0,0,51.89,-9.15,0,0,0,0,0,,0,-3.73,0,39.01,1/25/22,0,0,19,6BMM7WKW07V7J1T
Aroma Pizza,,#212B5,f8d475da-f23a-402f-80d9-40db1bb212b5,Delivery - Partner Using Uber App,Postmates iOS,Completed,1/18/22,5:56 PM,36.97,2.87,39.84,0,0,0,0,0,0,0,0,39.84,-7.02,0,0,0,0,0,,0,-2.87,0,29.95,1/25/22,0,0,19,6BMM7WKW07V7J1T
Aroma Pizza,,#347A4,8e06aeda-34d7-4eb4-9a10-52af334347a4,Delivery - Partner Using Uber App,UberEats Android,Completed,1/18/22,6:16 PM,25.47,1.97,27.44,0,0,-10.99,-0.85,0,0,0,3.3,27.44,-3.38,0,0,0,0,0,,0,-1.12,0,14.4,1/25/22,0,0,19,6BMM7WKW07V7J1T
Aroma Pizza,,#636C0,58c8bf3c-6ce0-4621-8ad8-a63cba4636c0,Delivery - Partner Using Uber App,UberEats iOS,Completed,1/18/22,6:45 PM,40.04,3.1,43.14,0,0,0,0,0,0,0,0,43.14,-7.61,0,0,0,0,0,,0,-3.1,0,32.43,1/25/22,0,0,19,6BMM7WKW07V7J1T
Aroma Pizza,,#80C1F,8ac37696-6197-4674-b7d1-24d3d5e80c1f,Delivery - Partner Using Uber App,UberEats iOS,Completed,1/18/22,7:07 PM,21.98,1.7,23.68,0,0,-10.99,-0.85,0,0,0,3.3,23.68,-2.72,0,0,0,0,0,,0,-0.85,0,11.57,1/25/22,0,0,19,6BMM7WKW07V7J1T
Aroma Pizza,,#C6C5E,2dda05a3-e9f1-4c5d-8030-7617eaec6c5e,Delivery - Partner Using Uber App,UberEats Web,Completed,1/19/22,11:30 AM,38.32,2.97,41.29,0,0,0,0,0,0,0,0,41.29,-7.28,0,0,0,0,0,,0,-2.97,0,31.04,1/25/22,0,0,19,6BMM7WKW07V7J1T
Aroma Pizza,,#E1155,09fd3d99-185a-46a9-ab9c-21ba5a7e1155,Delivery - Partner Using Uber App,UberEats iOS,Completed,1/19/22,1:01 PM,21.98,1.7,23.68,0,0,0,0,0,0,0,0,23.68,-4.18,0,0,0,0,0,,0,-1.7,0,17.8,1/25/22,0,0,19,6BMM7WKW07V7J1T
Aroma Pizza,,#69305,fb00788e-d818-45ec-84cf-e968e2369305,Delivery - Partner Using Uber App,UberEats iOS,Completed,1/19/22,2:12 PM,33.97,2.63,36.6,0,0,-10.99,-0.85,0,0,0,3.3,36.6,-4.99,0,0,0,0,0,,0,-1.78,0,21.29,1/25/22,0,0,19,6BMM7WKW07V7J1T
Aroma Pizza,,#7115C,5246789d-f2c2-43ee-bfd7-dee54aa7115c,Delivery - Partner Using Uber App,UberEats iOS,Completed,1/19/22,4:23 PM,44.56,3.45,48.01,0,0,-10.99,-0.85,0,0,0,3.3,48.01,-7.01,0,0,0,0,0,,0,-2.6,0,29.86,1/25/22,0,0,19,6BMM7WKW07V7J1T
Aroma Pizza,,#BD774,8991d217-92e7-4467-b9ee-d8ed12dbd774,Delivery - Partner Using Uber App,UberEats Android,Completed,1/19/22,4:40 PM,32.47,2.51,34.98,0,0,-10.99,-0.85,0,0,0,3.3,34.98,-4.71,0,0,0,0,0,,0,-1.66,0,20.07,1/25/22,0,0,19,6BMM7WKW07V7J1T
Aroma Pizza,,#9E63F,21188d47-2c85-4341-b386-6a6115c9e63f,Delivery - Partner Using Uber App,UberEats Android,Completed,1/19/22,5:42 PM,28.47,2.21,30.68,0,0,0,0,0,0,0,0,30.68,-5.41,0,0,0,0,0,,0,-2.21,0,23.06,1/25/22,0,0,19,6BMM7WKW07V7J1T
Aroma Pizza,,#8E36D,c1312186-10ce-423e-a86f-b1186b88e36d,Delivery - Partner Using Uber App,UberEats Android,Completed,1/19/22,6:18 PM,17.98,1.39,19.37,0,0,0,0,0,0,0,0,19.37,-3.42,0,0,0,0,0,,0,-1.39,0,14.56,1/25/22,0,0,19,6BMM7WKW07V7J1T
Aroma Pizza,,#05DFD,68a89b5c-4831-4c4a-a229-1f7082e05dfd,Delivery - Partner Using Uber App,Postmates Android,Completed,1/19/22,7:08 PM,42.43,3.29,45.72,0,0,0,0,0,0,0,0,45.72,-8.06,0,0,0,0,0,,0,-3.29,0,34.37,1/25/22,0,0,19,6BMM7WKW07V7J1T
Aroma Pizza,,#221C1,dae4aebf-e8e8-4b4f-a63d-617ea2b221c1,Delivery - Partner Using Uber App,UberEats iOS,Completed,1/19/22,6:58 PM,37.56,2.91,40.47,0,0,0,0,0,0,0,0,40.47,-7.14,0,0,0,0,0,,0,-2.91,0,30.42,1/25/22,0,0,19,6BMM7WKW07V7J1T
Aroma Pizza,,#B89B4,c11a981c-a72c-4fc4-8620-5017c79b89b4,Delivery - Partner Using Uber App,UberEats iOS,Completed,1/19/22,8:00 PM,15.98,1.24,17.22,0,0,0,0,0,0,0,0,17.22,-3.04,0,0,0,0,0,,0,-1.24,0,12.94,1/25/22,0,0,19,6BMM7WKW07V7J1T
Aroma Pizza,,#B69B0,4e53cf31-2e32-4eb0-af5b-3559fc5b69b0,Delivery - Partner Using Uber App,UberEats iOS,Completed,1/20/22,12:36 PM,21.98,1.7,23.68,0,0,-10.99,-0.85,0,0,0,3.3,23.68,-2.72,0,0,0,0,0,,0,-0.85,0,11.57,1/25/22,0,0,19,6BMM7WKW07V7J1T
Aroma Pizza,,#183B3,614dc2c8-29f4-4697-b79c-598ca45183b3,Delivery - Partner Using Uber App,UberEats iOS,Completed,1/20/22,4:24 PM,35.97,2.79,38.76,0,0,0,0,0,0,0,0,38.76,-6.83,0,0,0,0,0,,0,-2.79,0,29.14,1/25/22,0,0,19,6BMM7WKW07V7J1T
Aroma Pizza,,#457A5,b3d498dd-7616-4f3b-9579-9bcebff457a5,Delivery - Partner Using Uber App,UberEats iOS,Completed,1/20/22,6:13 PM,36.09,2.8,38.89,0,0,0,0,0,0,0,0,38.89,-6.86,0,0,0,0,0,,0,-2.8,0,29.23,1/25/22,0,0,19,6BMM7WKW07V7J1T
Aroma Pizza,,#8B094,8e7b5887-b4c7-4d37-80c6-f5cdd1d8b094,Delivery - Partner Using Uber App,UberEats Web,Completed,1/20/22,9:26 PM,24.77,1.92,26.69,0,0,0,0,0,0,0,0,26.69,-4.71,0,0,0,0,0,,0,-1.92,0,20.06,1/25/22,0,0,19,6BMM7WKW07V7J1T
Aroma Pizza,,#D332C,1bbaf68d-4122-41ba-bf4b-5c60f14d332c,Delivery - Partner Using Uber App,UberEats iOS,Completed,1/20/22,9:22 PM,38.12,2.95,41.07,0,0,0,0,0,0,0,0,41.07,-7.24,0,0,0,0,0,,0,-2.95,0,30.88,1/25/22,0,0,19,6BMM7WKW07V7J1T
Aroma Pizza,,#D332C,1bbaf68d-4122-41ba-bf4b-5c60f14d332c,,Unknown,Refund,1/20/22,9:22 PM,-19.15,-1.49,-20.64,0,0,0,0,0,0,0,,0,0,,,0,0,0,,0,1.49,0,-19.15,1/25/22,,,,6BMM7WKW07V7J1T
Aroma Pizza,,#8633C,15f7d1e2-75e4-4e77-aac2-b2305088633c,Delivery - Partner Using Uber App,UberEats iOS,Completed,1/21/22,10:35 AM,16.99,1.32,18.31,0,0,0,0,0,0,0,0,18.31,-3.23,0,0,0,0,0,,0,-1.32,0,13.76,1/25/22,0,0,19,6BMM7WKW07V7J1T
Aroma Pizza,,#AABCC,0b403a80-d20f-4021-a56f-1c79292aabcc,Delivery - Partner Using Uber App,UberEats Web,Completed,1/21/22,11:54 AM,24.77,1.92,26.69,0,0,0,0,0,0,0,0,26.69,-4.71,0,0,0,0,0,,0,-1.92,0,20.06,1/25/22,0,0,19,6BMM7WKW07V7J1T
Aroma Pizza,,#4C159,c76541a2-bfc0-4998-bd49-4b1a04c4c159,Delivery - Partner Using Uber App,UberEats iOS,Completed,1/21/22,12:30 PM,22.46,1.74,24.2,0,0,0,0,0,0,0,0,24.2,-4.27,0,0,0,0,0,,0,-1.74,0,18.19,1/25/22,0,0,19,6BMM7WKW07V7J1T
Aroma Pizza,,#77A4E,c52a5fc6-23ed-4447-870c-04a054977a4e,Delivery - Partner Using Uber App,Postmates Web,Completed,1/21/22,3:14 PM,59.93,4.64,64.57,0,0,0,0,0,0,0,0,64.57,-11.39,0,0,0,0,0,,0,-4.64,0,48.54,1/25/22,0,0,19,6BMM7WKW07V7J1T
Aroma Pizza,,#4BD77,cb190faf-374c-4429-a737-5f2a5004bd77,Delivery - Partner Using Uber App,UberEats Web,Completed,1/21/22,4:19 PM,63.87,4.95,68.82,0,0,0,0,0,0,0,0,68.82,-12.14,0,0,0,0,0,,0,-4.95,0,51.73,1/25/22,0,0,19,6BMM7WKW07V7J1T
Aroma Pizza,,#2BCBC,d0ce7ca6-1937-4bcb-b721-35fd6792bcbc,Delivery - Partner Using Uber App,UberEats Android,Completed,1/21/22,5:25 PM,21.98,1.7,23.68,0,0,0,0,0,0,0,0,23.68,-4.18,0,0,0,0,0,,0,-1.7,0,17.8,1/25/22,0,0,19,6BMM7WKW07V7J1T
Aroma Pizza,,#FC0A0,a99212cd-8367-4105-a704-a96cb54fc0a0,Delivery - Partner Using Uber App,UberEats iOS,Completed,1/21/22,5:22 PM,15.21,1.18,16.39,0,0,0,0,0,0,0,0,16.39,-2.89,0,0,0,0,0,,0,-1.18,0,12.32,1/25/22,0,0,19,6BMM7WKW07V7J1T
Aroma Pizza,,#6B4A4,d0fba037-945d-4b52-95b0-c1a9c106b4a4,Delivery - Partner Using Uber App,Postmates Android,Completed,1/21/22,6:20 PM,34.97,2.71,37.68,0,0,-10.99,-0.85,0,0,0,3.3,37.68,-5.18,0,0,0,0,0,,0,-1.86,0,22.1,1/25/22,0,0,19,6BMM7WKW07V7J1T
Aroma Pizza,,#076C6,8500cd43-af54-4bda-995f-0dc310a076c6,Delivery - Partner Using Uber App,Postmates iOS,Completed,1/21/22,6:25 PM,17.36,1.35,18.71,0,0,0,0,0,0,0,0,18.71,-3.3,0,0,0,0,0,,0,-1.35,0,14.06,1/25/22,0,0,19,6BMM7WKW07V7J1T
Aroma Pizza,,#2C63B,7589a2b2-1b23-4d04-9dd0-d31b8542c63b,Delivery - Partner Using Uber App,UberEats iOS,Completed,1/21/22,6:30 PM,69.19,5.36,74.55,0,0,-10.99,-0.85,0,0,0,3.3,74.55,-11.69,0,0,0,0,0,,0,-4.51,0,49.81,1/25/22,0,0,19,6BMM7WKW07V7J1T
Aroma Pizza,,#8ECBF,ca67df6e-2bf4-4af1-a5fb-4586f378ecbf,Delivery - Partner Using Uber App,Postmates iOS,Completed,1/21/22,6:48 PM,62.93,4.88,67.81,0,0,0,0,0,0,0,0,67.81,-11.96,0,0,0,0,0,,0,-4.88,0,50.97,1/25/22,0,0,19,6BMM7WKW07V7J1T
Aroma Pizza,,#00BF1,42577f33-daa0-47c4-88c4-0f0179600bf1,Delivery - Partner Using Uber App,UberEats Android,Completed,1/21/22,6:27 PM,22.97,1.78,24.75,0,0,0,0,0,0,0,0,24.75,-4.36,0,0,0,0,0,,0,-1.78,0,18.61,1/25/22,0,0,19,6BMM7WKW07V7J1T
Aroma Pizza,,#40761,b2fac59b-20fb-4f3a-83cc-b5235c940761,Delivery - Partner Using Uber App,UberEats iOS,Completed,1/21/22,6:49 PM,27.98,2.17,30.15,0,0,0,0,0,0,0,0,30.15,-5.32,0,0,0,0,0,,0,-2.17,0,22.66,1/25/22,0,0,19,6BMM7WKW07V7J1T
Aroma Pizza,,#747AA,c20474b9-3237-4d7d-8771-2a3c806747aa,Delivery - Partner Using Uber App,UberEats iOS,Completed,1/21/22,7:13 PM,25.35,1.96,27.31,0,0,0,0,0,0,0,0,27.31,-4.82,0,0,0,0,0,,0,-1.96,0,20.53,1/25/22,0,0,19,6BMM7WKW07V7J1T
Aroma Pizza,,#B9624,65ce0b91-3ad9-427b-95d4-cefedffb9624,Delivery - Partner Using Uber App,UberEats Android,Completed,1/21/22,7:32 PM,18.99,1.47,20.46,0,0,0,0,0,0,0,0,20.46,-3.61,0,0,0,0,0,,0,-1.47,0,15.38,1/25/22,0,0,19,6BMM7WKW07V7J1T
Aroma Pizza,,#96F32,1690fb17-14a9-4651-973b-c6e7e6296f32,Delivery - Partner Using Uber App,Postmates Android,Completed,1/21/22,8:14 PM,35.18,2.73,37.91,0,0,0,0,0,0,0,0,37.91,-6.68,0,0,0,0,0,,0,-2.73,0,28.5,1/25/22,0,0,19,6BMM7WKW07V7J1T
Aroma Pizza,,#2F2D3,bcae5de7-95cc-45c3-a322-475af042f2d3,Delivery - Partner Using Uber App,UberEats iOS,Completed,1/22/22,11:56 AM,37.98,2.94,40.92,0,0,0,0,0,0,0,0,40.92,-7.22,0,0,0,0,0,,0,-2.94,0,30.76,1/25/22,0,0,19,6BMM7WKW07V7J1T
Aroma Pizza,,#B52E6,521a3bcd-9d53-40d7-ae46-118eea2b52e6,Delivery - Partner Using Uber App,UberEats Web,Completed,1/22/22,12:42 PM,26.56,2.06,28.62,0,0,0,0,0,0,0,0,28.62,-5.05,0,0,0,0,0,,0,-2.06,0,21.51,1/25/22,0,0,19,6BMM7WKW07V7J1T
Aroma Pizza,,#258C1,971de72d-1834-4f4b-84bf-bfdec79258c1,Delivery - Partner Using Uber App,UberEats iOS,Completed,1/22/22,1:12 PM,30.2,2.34,32.54,0,0,0,0,0,0,0,0,32.54,-5.74,0,0,0,0,0,,0,-2.34,0,24.46,1/25/22,0,0,19,6BMM7WKW07V7J1T
Aroma Pizza,,#3EC5A,a2d205c1-466a-4881-ab69-27c32e23ec5a,Delivery - Partner Using Uber App,UberEats iOS,Completed,1/22/22,1:09 PM,45.96,3.56,49.52,0,0,-10.99,-0.85,0,0,0,3.3,49.52,-7.27,0,0,0,0,0,,0,-2.71,0,31,1/25/22,0,0,19,6BMM7WKW07V7J1T
Aroma Pizza,,#1AF14,79b7445a-e74f-46f7-bf59-77d2e4e1af14,Delivery - Partner Using Uber App,UberEats iOS,Completed,1/22/22,2:42 PM,16.98,1.32,18.3,0,0,0,0,0,0,0,0,18.3,-3.23,0,0,0,0,0,,0,-1.32,0,13.75,1/25/22,0,0,19,6BMM7WKW07V7J1T
Aroma Pizza,,#88338,e6f29789-4a4e-4d77-af35-5e3990788338,Delivery - Partner Using Uber App,Postmates Web,Completed,1/22/22,3:10 PM,25.45,1.97,27.42,0,0,0,0,0,0,0,0,27.42,-4.84,0,0,0,0,0,,0,-1.97,0,20.61,1/25/22,0,0,19,6BMM7WKW07V7J1T
Aroma Pizza,,#DD863,1043f65e-7fe7-41d0-93cf-751683edd863,Delivery - Partner Using Uber App,UberEats iOS,Completed,1/22/22,4:21 PM,32.97,2.55,35.52,0,0,-10.99,-0.85,0,0,0,3.3,35.52,-4.8,0,0,0,0,0,,0,-1.7,0,20.48,1/25/22,0,0,19,6BMM7WKW07V7J1T
Aroma Pizza,,#BF23E,44f2e41e-f341-4547-90a3-abc9c3dbf23e,Delivery - Partner Using Uber App,Postmates iOS,Canceled,1/22/22,5:05 PM,63.92,4.95,68.87,0,0,0,0,0,0,0,0,68.87,-12.14,0,0,0,0,0,,0,-4.95,0,51.78,1/25/22,0,0,19,6BMM7WKW07V7J1T
Aroma Pizza,,#F4857,208baa26-5433-4332-8afc-3ab69eef4857,Delivery - Partner Using Uber App,Postmates iOS,Completed,1/22/22,5:30 PM,66.22,5.13,71.35,0,0,0,0,0,0,0,0,71.35,-12.58,0,0,0,0,0,,0,-5.13,0,53.64,1/25/22,0,0,19,6BMM7WKW07V7J1T
Aroma Pizza,,#00421,55805c2a-500b-4118-b935-3f1ad8800421,Delivery - Partner Using Uber App,UberEats Android,Completed,1/22/22,5:04 PM,70.69,5.48,76.17,0,0,0,0,0,0,0,0,76.17,-13.43,0,0,0,0,0,,0,-5.48,0,57.26,1/25/22,0,0,19,6BMM7WKW07V7J1T
Aroma Pizza,,#7BE70,6db541f4-26e5-4ca6-a3e4-2c1c9857be70,Pickup,Postmates iOS,Completed,1/22/22,5:30 PM,34.95,2.71,37.66,0,0,0,0,0,0,0,0,37.66,-2.1,0,0,0,0,0,,0,-2.71,0,32.85,1/25/22,0,0,6,6BMM7WKW07V7J1T
Aroma Pizza,,#48E89,dc0e0931-b396-43af-b89a-f82860048e89,Pickup,Postmates iOS,Completed,1/22/22,6:26 PM,25.72,1.99,27.71,0,0,0,0,0,0,0,0,27.71,-1.54,0,0,0,0,0,,0,-1.99,0,24.18,1/25/22,0,0,6,6BMM7WKW07V7J1T
Aroma Pizza,,#04A37,cadc4741-f2a7-4fe1-84d2-faffee704a37,Pickup,Postmates iOS,Completed,1/22/22,7:08 PM,35.97,2.79,38.76,0,0,0,0,0,0,0,0,38.76,-2.16,0,0,0,0,0,,0,-2.79,0,33.81,1/25/22,0,0,6,6BMM7WKW07V7J1T
Aroma Pizza,,#C01E1,d8c16ebe-8ec7-452a-95f2-0fce65cc01e1,Delivery - Partner Using Uber App,UberEats iOS,Completed,1/22/22,8:31 PM,33.97,2.63,36.6,0,0,0,0,0,0,0,0,36.6,-6.45,0,0,0,0,0,,0,-2.63,0,27.52,1/25/22,0,0,19,6BMM7WKW07V7J1T
Aroma Pizza,,#09FA8,04f6c8cc-5590-4c34-9f46-93f5aa209fa8,Delivery - Partner Using Uber App,UberEats iOS,Completed,1/22/22,9:17 PM,34.96,2.71,37.67,0,0,0,0,0,0,0,0,37.67,-6.64,0,0,0,0,0,,0,-2.71,0,28.32,1/25/22,0,0,19,6BMM7WKW07V7J1T
Aroma Pizza,,#084D0,1af50e2d-e05c-4f3f-8716-39b968c084d0,Delivery - Partner Using Uber App,UberEats Web,Completed,1/22/22,9:25 PM,41.54,3.22,44.76,0,0,-10.99,-0.85,0,0,0,3.3,44.76,-6.43,0,0,0,0,0,,0,-2.37,0,27.42,1/25/22,0,0,19,6BMM7WKW07V7J1T
Aroma Pizza,,#2D9FF,b0e859f7-364a-4790-9bbd-90771272d9ff,Delivery - Partner Using Uber App,UberEats iOS,Completed,1/23/22,3:47 PM,47.72,3.7,51.42,0,0,0,0,0,0,0,0,51.42,-9.07,0,0,0,0,0,,0,-3.7,0,38.65,1/25/22,0,0,19,6BMM7WKW07V7J1T
Aroma Pizza,,#81120,9f7165f2-070a-473d-9423-83c5c0f81120,Pickup,UberEats Web,Completed,1/23/22,3:21 PM,35.97,2.79,38.76,0,0,-10.99,-0.85,0,0,0,3.3,38.76,-1.7,0,0,0,0,0,,0,-1.94,0,26.58,1/25/22,0,0,6,6BMM7WKW07V7J1T
Aroma Pizza,,#A99AC,1a50e235-865a-419e-9132-abf8436a99ac,Delivery - Partner Using Uber App,Postmates iOS,Completed,1/23/22,4:19 PM,37.93,2.94,40.87,0,0,0,0,0,0,0,0,40.87,-7.21,0,0,0,0,0,,0,-2.94,0,30.72,1/25/22,0,0,19,6BMM7WKW07V7J1T
Aroma Pizza,,#EAB7B,55bd8a41-441e-44c0-95ce-1662deceab7b,Delivery - Partner Using Uber App,UberEats iOS,Completed,1/23/22,4:49 PM,26.72,2.07,28.79,0,0,0,0,0,0,0,0,28.79,-5.08,0,0,0,0,0,,0,-2.07,0,21.64,1/25/22,0,0,19,6BMM7WKW07V7J1T
Aroma Pizza,,#94A9E,7eae8af0-044e-4a5d-9912-b96abfc94a9e,Delivery - Partner Using Uber App,Postmates iOS,Completed,1/23/22,5:52 PM,27.4,2.12,29.52,0,0,0,0,0,0,0,0,29.52,-5.21,0,0,0,0,0,,0,-2.12,0,22.19,1/25/22,0,0,19,6BMM7WKW07V7J1T
Aroma Pizza,,#4414B,4cf8b14f-82d6-4c26-bcbe-d713d434414b,Delivery - Partner Using Uber App,UberEats Web,Completed,1/23/22,5:55 PM,50.97,3.95,54.92,0,0,0,0,0,0,0,0,54.92,-9.68,0,0,0,0,0,,0,-3.95,0,41.29,1/25/22,0,0,19,6BMM7WKW07V7J1T
Aroma Pizza,,#F4925,78cc407d-43fe-4674-a741-b68766af4925,Delivery - Partner Using Uber App,UberEats Web,Completed,1/23/22,7:22 PM,35.55,2.76,38.31,0,0,0,0,0,0,0,0,38.31,-6.75,0,0,0,0,0,,0,-2.76,0,28.8,1/25/22,0,0,19,6BMM7WKW07V7J1T
Aroma Pizza,,#E3151,049fd094-d16a-4f6b-bc06-7b69321e3151,Delivery - Partner Using Uber App,UberEats iOS,Completed,1/23/22,7:27 PM,30.97,2.4,33.37,0,0,0,0,0,0,0,0,33.37,-5.88,0,0,0,0,0,,0,-2.4,0,25.09,1/25/22,0,0,19,6BMM7WKW07V7J1T
Aroma Pizza,,#9E549,24ddcb67-4239-4b45-a744-d1d1c2d9e549,Delivery - Partner Using Uber App,UberEats iOS,Completed,1/23/22,7:49 PM,49.44,3.83,53.27,0,0,0,0,0,0,0,0,53.27,-9.39,0,0,0,0,0,,0,-3.83,0,40.05,1/25/22,0,0,19,6BMM7WKW07V7J1T
Aroma Pizza,,#47C34,75e4e290-2558-471a-9c90-e9bb23b47c34,Delivery - Partner Using Uber App,UberEats iOS,Completed,1/24/22,12:48 PM,28.19,2.18,30.37,0,0,0,0,0,0,0,0,30.37,-5.36,0,0,0,0,0,,0,-2.18,0,22.83,1/31/22,0,0,19,DMABVUOYMH0A1OR
Aroma Pizza,,#EC6C3,a3030cc3-81bf-4ece-9a3a-5755d9dec6c3,Delivery - Partner Using Uber App,Postmates iOS,Completed,1/24/22,5:25 PM,42.26,3.28,45.54,0,0,0,0,0,0,0,0,45.54,-8.03,0,0,0,0,0,,0,-3.28,0,34.23,1/31/22,0,0,19,DMABVUOYMH0A1OR
Aroma Pizza,,#789A2,72daa37a-ac51-4ccb-9f5d-1d1b57b789a2,Delivery - Partner Using Uber App,UberEats Web,Completed,1/24/22,6:13 PM,40.21,3.12,43.33,0,0,0,0,0,0,0,0,43.33,-7.64,0,0,0,0,0,,0,-3.12,0,32.57,1/31/22,0,0,19,DMABVUOYMH0A1OR
Aroma Pizza,,#F4A2C,844375e2-e753-4f66-a903-24a5b85f4a2c,Delivery - Partner Using Uber App,UberEats Web,Completed,1/24/22,6:49 PM,40.21,3.12,43.33,0,0,0,0,0,0,0,0,43.33,-7.64,0,0,0,0,0,,0,-3.12,0,32.57,1/31/22,0,0,19,DMABVUOYMH0A1OR
Aroma Pizza,,#3CD09,08cb3871-7f13-4e30-8297-26596de3cd09,Delivery - Partner Using Uber App,UberEats Android,Completed,1/24/22,8:54 PM,29.45,2.28,31.73,0,0,0,0,0,0,0,0,31.73,-5.6,0,0,0,0,0,,0,-2.28,0,23.85,1/31/22,0,0,19,DMABVUOYMH0A1OR
Aroma Pizza,,#6F389,1af0761a-c0b4-4869-8bb7-16e6e6b6f389,Delivery - Partner Using Uber App,UberEats Web,Completed,1/25/22,11:11 AM,28.97,2.24,31.21,0,0,-10.99,-0.85,0,0,0,3.3,31.21,-4.04,0,0,0,0,0,,0,-1.39,0,17.24,1/31/22,0,0,19,DMABVUOYMH0A1OR
Aroma Pizza,,#A6ACB,e9a5a9b2-e872-4c85-b6e6-d3a456da6acb,Delivery - Partner Using Uber App,Postmates Android,Completed,1/25/22,3:23 PM,30.97,2.4,33.37,0,0,0,0,0,0,0,0,33.37,-5.88,0,0,0,0,0,,0,-2.4,0,25.09,1/31/22,0,0,19,DMABVUOYMH0A1OR
Aroma Pizza,,#A709D,06f2a2c0-ba4c-4e4a-a74f-fa7b10ca709d,Delivery - Partner Using Uber App,Postmates iOS,Completed,1/25/22,5:29 PM,44.95,3.48,48.43,0,0,0,0,0,0,0,0,48.43,-8.54,0,0,0,0,0,,0,-3.48,0,36.41,1/31/22,0,0,19,DMABVUOYMH0A1OR
Aroma Pizza,,#A709D,06f2a2c0-ba4c-4e4a-a74f-fa7b10ca709d,,Unknown,Refund,1/25/22,5:29 PM,-16.98,-1.31,-18.29,0,0,0,0,0,0,0,,0,0,,,0,0,0,,0,1.31,0,-16.98,1/31/22,,,,DMABVUOYMH0A1OR
Aroma Pizza,,#88524,45e254c0-e342-4626-bbab-3dc0c6388524,Delivery - Partner Using Uber App,UberEats iOS,Completed,1/25/22,7:06 PM,21.73,1.68,23.41,0,0,0,0,0,0,0,0,23.41,-4.13,0,0,0,0,0,,0,-1.68,0,17.6,1/31/22,0,0,19,DMABVUOYMH0A1OR
Aroma Pizza,,#B635B,ae60b023-6441-4db8-96b9-368707eb635b,Pickup,UberEats iOS,Completed,1/25/22,7:06 PM,34.73,2.69,37.42,0,0,0,0,0,0,0,0,37.42,-2.08,0,0,0,0,0,,0,-2.69,0,32.65,1/31/22,0,0,6,DMABVUOYMH0A1OR
Aroma Pizza,,#CC264,8344d51b-df8c-4018-ba46-0799907cc264,Delivery - Partner Using Uber App,UberEats iOS,Completed,1/26/22,11:00 AM,11.99,0.93,12.92,0,0,0,0,0,0,0,0,12.92,-2.28,0,0,0,0,0,,0,-0.93,0,9.71,1/31/22,0,0,19,DMABVUOYMH0A1OR
Aroma Pizza,,#A658F,31be13c9-1e0f-4a6e-9f15-49ac04ba658f,Delivery - Partner Using Uber App,UberEats iOS,Completed,1/26/22,4:03 PM,28.71,2.23,30.94,0,0,0,0,0,0,0,0,30.94,-5.45,0,0,0,0,0,,0,-2.23,0,23.26,1/31/22,0,0,19,DMABVUOYMH0A1OR
Aroma Pizza,,#7C8C4,e6d3344a-a006-403a-98d7-61e5c2b7c8c4,Delivery - Partner Using Uber App,UberEats Android,Completed,1/26/22,4:41 PM,45.43,3.52,48.95,0,0,0,0,0,0,0,0,48.95,-8.63,0,0,0,0,0,,0,-3.52,0,36.8,1/31/22,0,0,19,DMABVUOYMH0A1OR
Aroma Pizza,,#1AA39,60bf759b-4860-4a00-8206-7f2e7e51aa39,Delivery - Partner Using Uber App,Postmates iOS,Completed,1/26/22,6:18 PM,21.98,1.7,23.68,0,0,-10.99,-0.85,0,0,0,3.3,23.68,-2.72,0,0,0,0,0,,0,-0.85,0,11.57,1/31/22,0,0,19,DMABVUOYMH0A1OR
Aroma Pizza,,#124F5,e9305030-6b51-4310-9213-43f34bf124f5,Delivery - Partner Using Uber App,UberEats iOS,Completed,1/26/22,7:17 PM,42.45,3.29,45.74,0,0,0,0,0,0,0,0,45.74,-8.07,0,0,0,0,0,,0,-3.29,0,34.38,1/31/22,0,0,19,DMABVUOYMH0A1OR
Aroma Pizza,,#26FBC,e49716b6-44d0-45a2-996d-d8f9b9a26fbc,Pickup,UberEats iOS,Completed,1/26/22,6:37 PM,35.97,2.79,38.76,0,0,0,0,0,0,0,0,38.76,-2.16,0,0,0,0,0,,0,-2.79,0,33.81,1/31/22,0,0,6,DMABVUOYMH0A1OR
Aroma Pizza,,#3E154,8952a3e5-c4b5-46b3-97e6-4ece8783e154,Delivery - Partner Using Uber App,UberEats Web,Completed,1/27/22,1:48 PM,26.56,2.06,28.62,0,0,0,0,0,0,0,0,28.62,-5.05,0,0,0,0,0,,0,-2.06,0,21.51,1/31/22,0,0,19,DMABVUOYMH0A1OR
Aroma Pizza,,#77D6A,362d8700-f1c6-4d90-8d42-706473377d6a,Delivery - Partner Using Uber App,Postmates iOS,Completed,1/27/22,3:08 PM,85.31,6.61,91.92,0,0,0,0,0,0,0,0,91.92,-16.21,0,0,0,0,0,,0,-6.61,0,69.1,1/31/22,0,0,19,DMABVUOYMH0A1OR
Aroma Pizza,,#F5EC5,2f9f7d9c-706e-4eac-9350-dcc067ff5ec5,Delivery - Partner Using Uber App,UberEats iOS,Completed,1/27/22,3:43 PM,43.97,3.41,47.38,0,0,0,0,0,0,0,0,47.38,-8.35,0,0,0,0,0,,0,-3.41,0,35.62,1/31/22,0,0,19,DMABVUOYMH0A1OR
Aroma Pizza,,#B324D,a514de45-c065-48e7-920b-34d9c3bb324d,Delivery - Partner Using Uber App,UberEats iOS,Completed,1/27/22,5:44 PM,16.32,1.26,17.58,0,0,0,0,0,0,0,0,17.58,-3.1,0,0,0,0,0,,0,-1.26,0,13.22,1/31/22,0,0,19,DMABVUOYMH0A1OR
Aroma Pizza,,#7E5CD,b789e8b6-bf8d-4199-8bf5-73bb74b7e5cd,Delivery - Partner Using Uber App,Postmates iOS,Completed,1/27/22,6:00 PM,33.96,2.63,36.59,0,0,0,0,0,0,0,0,36.59,-6.45,0,0,0,0,0,,0,-2.63,0,27.51,1/31/22,0,0,19,DMABVUOYMH0A1OR
Aroma Pizza,,#14276,68a4e4c9-c6b9-491a-b190-857975014276,Delivery - Partner Using Uber App,UberEats iOS,Completed,1/27/22,6:06 PM,16.98,1.32,18.3,0,0,0,0,0,0,0,0,18.3,-3.23,0,0,0,0,0,,0,-1.32,0,13.75,1/31/22,0,0,19,DMABVUOYMH0A1OR
Aroma Pizza,,#7CDD6,417c32dd-8542-42f9-8eac-76f95f27cdd6,Delivery - Partner Using Uber App,UberEats iOS,Completed,1/27/22,6:15 PM,23.98,1.86,25.84,0,0,0,0,0,0,0,0,25.84,-4.56,0,0,0,0,0,,0,-1.86,0,19.42,1/31/22,0,0,19,DMABVUOYMH0A1OR
Aroma Pizza,,#1E8FA,bd6454af-169d-47e7-ad7e-fed75a71e8fa,Pickup,UberEats iOS,Completed,1/27/22,6:02 PM,35.95,2.79,38.74,0,0,0,0,0,0,0,0,38.74,-2.16,0,0,0,0,0,,0,-2.79,0,33.79,1/31/22,0,0,6,DMABVUOYMH0A1OR
Aroma Pizza,,#F1BAE,5d7bb252-79c9-483e-9030-2faa926f1bae,Delivery - Partner Using Uber App,UberEats Web,Completed,1/27/22,8:10 PM,49.96,3.87,53.83,0,0,0,0,0,0,0,0,53.83,-9.49,0,0,0,0,0,,0,-3.87,0,40.47,1/31/22,0,0,19,DMABVUOYMH0A1OR
Aroma Pizza,,#B4C59,e678cdcb-f88b-449e-be9f-686af8ab4c59,Delivery - Partner Using Uber App,Postmates iOS,Completed,1/27/22,8:50 PM,20.98,1.63,22.61,0,0,0,0,0,0,0,0,22.61,-3.99,0,0,0,0,0,,0,-1.63,0,16.99,1/31/22,0,0,19,DMABVUOYMH0A1OR
Aroma Pizza,,#69CA0,68c1c8df-08de-4652-82ea-8b7777d69ca0,Delivery - Partner Using Uber App,UberEats iOS,Completed,1/28/22,2:10 PM,87.56,6.78,94.34,0,0,-49.99,-3.87,0,0,0,15,94.34,-9.99,0,0,0,0,0,,0,-2.91,0,42.58,1/31/22,0,0,19,DMABVUOYMH0A1OR
Aroma Pizza,,#5BE15,6d057400-73ef-4c6d-be09-5c3e0e65be15,Delivery - Partner Using Uber App,UberEats iOS,Completed,1/28/22,4:30 PM,32.16,2.49,34.65,0,0,0,0,0,0,0,0,34.65,-6.11,0,0,0,0,0,,0,-2.49,0,26.05,1/31/22,0,0,19,DMABVUOYMH0A1OR
Aroma Pizza,,#61939,5d22dc93-48c2-4c4a-99b5-7408c4761939,Delivery - Partner Using Uber App,Postmates iOS,Completed,1/28/22,4:21 PM,38.22,2.96,41.18,0,0,0,0,0,0,0,0,41.18,-7.26,0,0,0,0,0,,0,-2.96,0,30.96,1/31/22,0,0,19,DMABVUOYMH0A1OR
Aroma Pizza,,#59ACB,d8a57d40-580b-4111-b036-9af762359acb,Delivery - Partner Using Uber App,Postmates Web,Completed,1/28/22,4:16 PM,27.98,2.17,30.15,0,0,0,0,0,0,0,0,30.15,-5.32,0,0,0,0,0,,0,-2.17,0,22.66,1/31/22,0,0,19,DMABVUOYMH0A1OR
Aroma Pizza,,#A453B,482156c5-e397-4ec5-ba3a-b937f99a453b,Delivery - Partner Using Uber App,Postmates iOS,Completed,1/28/22,4:31 PM,45.61,3.53,49.14,0,0,0,0,0,0,0,0,49.14,-8.67,0,0,0,0,0,,0,-3.53,0,36.94,1/31/22,0,0,19,DMABVUOYMH0A1OR
Aroma Pizza,,#C66E0,142b0850-d73e-4ca4-a2b3-c38277cc66e0,Delivery - Partner Using Uber App,UberEats iOS,Completed,1/28/22,4:41 PM,21.98,1.7,23.68,0,0,-10.99,-0.85,0,0,0,3.3,23.68,-2.72,0,0,0,0,0,,0,-0.85,0,11.57,1/31/22,0,0,19,DMABVUOYMH0A1OR
Aroma Pizza,,#CC420,03625362-e128-45ce-85c2-422b743cc420,Delivery - Partner Using Uber App,UberEats iOS,Completed,1/28/22,5:23 PM,16.49,1.28,17.77,0,0,0,0,0,0,0,0,17.77,-3.13,0,0,0,0,0,,0,-1.28,0,13.36,1/31/22,0,0,19,DMABVUOYMH0A1OR
Aroma Pizza,,#EB727,c09ceb31-b149-4044-b286-b5e2c51eb727,Delivery - Partner Using Uber App,Postmates iOS,Completed,1/28/22,7:12 PM,12.99,1.01,14,0,0,0,0,0,0,0,0,14,-2.47,0,0,0,0,0,,0,-1.01,0,10.52,2/8/22,0,0,19,MHKJF9Q5W5TW86A
Aroma Pizza,,#E05EF,955a4a8d-e208-4f71-be8e-21a4a3be05ef,Delivery - Partner Using Uber App,UberEats iOS,Completed,1/28/22,7:09 PM,39.66,3.07,42.73,0,0,0,0,0,0,0,0,42.73,-7.54,0,0,0,0,0,,0,-3.07,0,32.12,2/8/22,0,0,19,MHKJF9Q5W5TW86A
Aroma Pizza,,#6AE76,26eaff02-9594-4d8b-bcf8-d716ae16ae76,Delivery - Partner Using Uber App,Postmates Web,Completed,1/29/22,10:59 AM,49.97,3.87,53.84,0,0,0,0,0,0,0,0,53.84,-9.49,0,0,0,0,0,,0,-3.87,0,40.48,2/8/22,0,0,19,MHKJF9Q5W5TW86A
Aroma Pizza,,#A7C50,c3dc578b-b62c-4a9b-a1f2-aab2f32a7c50,Delivery - Partner Using Uber App,UberEats iOS,Completed,1/29/22,11:02 AM,18.98,1.47,20.45,0,0,0,0,0,0,0,0,20.45,-3.61,0,0,0,0,0,,0,-1.47,0,15.37,2/8/22,0,0,19,MHKJF9Q5W5TW86A
Aroma Pizza,,#DEC2B,9b556b41-8bf0-4d85-bc0b-ba98818dec2b,Delivery - Partner Using Uber App,UberEats iOS,Completed,1/29/22,12:45 PM,21.99,1.7,23.69,0,0,0,0,0,0,0,0,23.69,-4.18,0,0,0,0,0,,0,-1.7,0,17.81,2/8/22,0,0,19,MHKJF9Q5W5TW86A
Aroma Pizza,,#F2A53,0f6a4d25-7302-42b5-ad6a-9fc9ee3f2a53,Delivery - Partner Using Uber App,UberEats Android,Completed,1/29/22,1:10 PM,32.25,2.5,34.75,0,0,0,0,0,0,0,0,34.75,-6.13,0,0,0,0,0,,0,-2.5,0,26.12,2/8/22,0,0,19,MHKJF9Q5W5TW86A
Aroma Pizza,,#E97B5,1798dd79-7689-45d9-9a45-75dae17e97b5,Delivery - Partner Using Uber App,UberEats iOS,Completed,1/29/22,1:29 PM,32.14,2.49,34.63,0,0,0,0,0,0,0,0,34.63,-6.11,0,0,0,0,0,,0,-2.49,0,26.03,2/8/22,0,0,19,MHKJF9Q5W5TW86A
Aroma Pizza,,#3F022,795bfb29-fa62-48df-827a-eb2be7a3f022,Delivery - Partner Using Uber App,UberEats iOS,Completed,1/29/22,2:52 PM,47.96,3.72,51.68,0,0,-10.99,-0.85,0,0,0,3.3,51.68,-7.65,0,0,0,0,0,,0,-2.87,0,32.62,2/8/22,0,0,19,MHKJF9Q5W5TW86A
Aroma Pizza,,#81CC1,ca447220-def6-4157-9b1b-9b08b6081cc1,Delivery - Partner Using Uber App,UberEats iOS,Completed,1/29/22,3:24 PM,105.18,8.15,113.33,0,0,-10.99,-0.85,0,0,0,3.3,113.33,-18.52,0,0,0,0,0,,0,-7.3,0,78.97,2/8/22,0,0,19,MHKJF9Q5W5TW86A
Aroma Pizza,,#7BF32,5e08aea5-4477-42d8-97dc-4d6bef97bf32,Delivery - Partner Using Uber App,UberEats Web,Completed,1/29/22,4:45 PM,27.56,2.14,29.7,0,0,0,0,0,0,0,0,29.7,-5.24,0,0,0,0,0,,0,-2.14,0,22.32,2/8/22,0,0,19,MHKJF9Q5W5TW86A
Aroma Pizza,,#C27E8,f7e02c63-e015-4f72-8604-df6151ac27e8,Delivery - Partner Using Uber App,UberEats iOS,Completed,1/29/22,4:45 PM,15.21,1.18,16.39,0,0,0,0,0,0,0,0,16.39,-2.89,0,0,0,0,0,,0,-1.18,0,12.32,2/8/22,0,0,19,MHKJF9Q5W5TW86A
Aroma Pizza,,#FCD25,994b8bcf-1363-40c8-8775-3e60c98fcd25,Delivery - Partner Using Uber App,Postmates iOS,Completed,1/29/22,5:38 PM,40.71,3.16,43.87,0,0,0,0,0,0,0,0,43.87,-7.73,0,0,0,0,0,,0,-3.16,0,32.98,2/8/22,0,0,19,MHKJF9Q5W5TW86A
Aroma Pizza,,#7E62B,f30f5ed8-fb4e-44e8-a619-9afede17e62b,Delivery - Partner Using Uber App,UberEats iOS,Completed,1/29/22,5:41 PM,26.98,2.09,29.07,0,0,0,0,0,0,0,0,29.07,-5.13,0,0,0,0,0,,0,-2.09,0,21.85,2/8/22,0,0,19,MHKJF9Q5W5TW86A
Aroma Pizza,,#C042E,18bf8b71-7e3e-4b47-b639-24368b8c042e,Delivery - Partner Using Uber App,UberEats iOS,Completed,1/29/22,5:59 PM,29.96,2.32,32.28,0,0,0,0,0,0,0,0,32.28,-5.69,0,0,0,0,0,,0,-2.32,0,24.27,2/8/22,0,0,19,MHKJF9Q5W5TW86A
Aroma Pizza,,#685A1,9ceb1abe-58ad-4210-9825-a064e4b685a1,Delivery - Partner Using Uber App,UberEats iOS,Completed,1/29/22,5:54 PM,41.96,3.25,45.21,0,0,0,0,0,0,0,0,45.21,-7.97,0,0,0,0,0,,0,-3.25,0,33.99,2/8/22,0,0,19,MHKJF9Q5W5TW86A
Aroma Pizza,,#9AE42,a7bc20a0-1332-42fe-bfe3-7f1ffd89ae42,Delivery - Partner Using Uber App,UberEats iOS,Completed,1/29/22,6:32 PM,78.86,6.11,84.97,0,0,-10.99,-0.85,0,0,0,3.3,84.97,-13.52,0,0,0,0,0,,0,-5.26,0,57.65,2/8/22,0,0,19,MHKJF9Q5W5TW86A
Aroma Pizza,,,,,Unknown,,,,0,0,0,0,0,0,0,0,0,0,0,0,0,0,0,0,0,0,Restaurant refunds,19.15,0,0,19.15,2/8/22,0,0,,MHKJF9Q5W5TW86A
Aroma Pizza,,#299BD,17039e38-d005-429c-9577-3d00586299bd,Delivery - Partner Using Uber App,UberEats iOS,Completed,1/30/22,12:12 PM,15.28,1.18,16.46,0,0,0,0,0,0,0,0,16.46,-2.9,0,0,0,0,0,,0,-1.18,0,12.38,2/8/22,0,0,19,MHKJF9Q5W5TW86A
Aroma Pizza,,#90B6C,d1acc723-14be-4f17-8618-33ad18390b6c,Delivery - Partner Using Uber App,UberEats Android,Completed,1/30/22,1:13 PM,26.97,2.09,29.06,0,0,0,0,0,0,0,0,29.06,-5.12,0,0,0,0,0,,0,-2.09,0,21.85,2/8/22,0,0,19,MHKJF9Q5W5TW86A
Aroma Pizza,,#2C4BA,50245dd6-812a-44ec-9064-716b7af2c4ba,Delivery - Partner Using Uber App,UberEats iOS,Completed,1/30/22,1:15 PM,15.98,1.24,17.22,0,0,0,0,0,0,0,0,17.22,-3.04,0,0,0,0,0,,0,-1.24,0,12.94,2/8/22,0,0,19,MHKJF9Q5W5TW86A
Aroma Pizza,,#467BF,23b752fd-96fe-4658-832c-c4d5b4c467bf,Delivery - Partner Using Uber App,UberEats iOS,Completed,1/30/22,1:40 PM,53.66,4.16,57.82,0,0,0,0,0,0,0,0,57.82,-10.2,0,0,0,0,0,,0,-4.16,0,43.46,2/8/22,0,0,19,MHKJF9Q5W5TW86A
Aroma Pizza,,#D65FA,f8ddba6a-a957-47da-b46a-1161d4ed65fa,Delivery - Partner Using Uber App,UberEats iOS,Canceled,1/30/22,2:32 PM,56.98,4.42,61.4,0,0,0,0,0,0,0,0,61.4,-10.83,0,0,0,0,0,,0,-4.42,0,46.15,2/8/22,0,0,19,MHKJF9Q5W5TW86A
Aroma Pizza,,#61B8A,72a60be0-a5bf-4f8f-801b-c5f4b0a61b8a,Delivery - Partner Using Uber App,Postmates iOS,Completed,1/30/22,3:14 PM,52.96,4.1,57.06,0,0,0,0,0,0,0,0,57.06,-10.06,0,0,0,0,0,,0,-4.1,0,42.9,2/8/22,0,0,19,MHKJF9Q5W5TW86A
Aroma Pizza,,#1ED7D,5689c530-9a45-4d4c-9d21-1db63041ed7d,Delivery - Partner Using Uber App,UberEats iOS,Completed,1/30/22,4:23 PM,36.97,2.86,39.83,0,0,-10.99,-0.85,0,0,0,3.3,39.83,-5.56,0,0,0,0,0,,0,-2.01,0,23.72,2/8/22,0,0,19,MHKJF9Q5W5TW86A
Aroma Pizza,,#FA5EE,9c00991f-d0ca-4931-b68e-e3307dafa5ee,Delivery - Partner Using Uber App,Postmates iOS,Completed,1/30/22,5:19 PM,55.96,4.34,60.3,0,0,-10.99,-0.85,0,0,0,3.3,60.3,-9.17,0,0,0,0,0,,0,-3.49,0,39.1,2/8/22,0,0,19,MHKJF9Q5W5TW86A
Aroma Pizza,,#21FA8,410d4f0e-f39d-41df-8679-394636221fa8,Delivery - Partner Using Uber App,Postmates iOS,Completed,1/30/22,7:17 PM,12.99,1.01,14,0,0,0,0,0,0,0,0,14,-2.47,0,0,0,0,0,,0,-1.01,0,10.52,2/8/22,0,0,19,MHKJF9Q5W5TW86A
Aroma Pizza,,#2EEAF,5e5aa3c4-3d9a-45dd-b68b-4f6ed492eeaf,Delivery - Partner Using Uber App,UberEats iOS,Completed,1/30/22,8:06 PM,77.18,5.86,83.04,0,0,-10.99,-0.85,0,0,0,3.3,83.04,-13.2,0,0,0,0,0,,0,-5.01,0,56.29,2/8/22,0,0,19,MHKJF9Q5W5TW86A
Aroma Pizza,,#82644,1d477a6d-c12f-4a0e-b2e6-adbda3582644,Delivery - Partner Using Uber App,UberEats Web,Completed,1/31/22,11:39 AM,22.77,1.76,24.53,0,0,0,0,0,0,0,0,24.53,-4.33,0,0,0,0,0,,0,-1.76,0,18.44,2/8/22,0,0,19,MHKJF9Q5W5TW86A
Aroma Pizza,,#98E90,2c46d280-5941-4a9d-be59-6fba1aa98e90,Delivery - Partner Using Uber App,UberEats Android,Completed,1/31/22,5:55 PM,71.98,5.57,77.55,0,0,-49.99,-3.87,0,0,0,15,77.55,-7.03,0,0,0,0,0,,0,-1.7,0,29.96,2/8/22,0,0,19,MHKJF9Q5W5TW86A
Brooklyn Calzones,,#20723,74a7d439-1135-4400-a7f0-fef0e8020723,Delivery - Partner Using Uber App,UberEats iOS,Completed,1/1/22,4:05 PM,29.9,2.32,32.22,0,0,-2,-0.16,0,0,0,0,32.22,-8.37,0,0,0,0,0,,0,-2.16,0,19.53,1/3/22,0,0,30,PKS7MBBBCMSHFLF
Brooklyn Calzones,,#55120,4d017bf5-cf6c-4d68-b117-70074a055120,Delivery - Partner Using Uber App,UberEats iOS,Completed,1/2/22,5:28 PM,25.9,2.01,27.91,0,0,0,0,0,0,0,0,27.91,-7.77,0,0,0,0,0,,0,-2.01,0,18.13,1/3/22,0,0,30,PKS7MBBBCMSHFLF
Brooklyn Calzones,,#A80FC,5f4c2d37-0ad5-4598-ad41-ec4725fa80fc,Delivery - Partner Using Uber App,UberEats iOS,Completed,1/3/22,4:54 PM,30.9,2.39,33.29,0,0,0,0,0,0,0,0,33.29,-9.27,0,0,0,0,0,,0,-2.39,0,21.63,1/10/22,0,0,30,9F3IORFGFV51JE2
Brooklyn Calzones,,#F0783,4b7b4c69-868d-41f3-b872-a4d3c7cf0783,Delivery - Partner Using Uber App,UberEats iOS,Completed,1/3/22,9:09 PM,28.9,2.24,31.14,0,0,0,0,0,0,0,0,31.14,-8.09,0,0,0,0,0,,0,-2.24,0,20.81,1/10/22,0,0,28,9F3IORFGFV51JE2
Brooklyn Calzones,,#D4023,f5742b85-13fb-41bd-ac14-9416f79d4023,Delivery - Partner Using Uber App,UberEats iOS,Completed,1/4/22,5:09 PM,26.9,2.08,28.98,0,0,0,0,0,0,0,0,28.98,-6.73,0,0,0,0,0,,0,-2.08,0,20.17,1/10/22,0,0,25,9F3IORFGFV51JE2
Brooklyn Calzones,,#BEBE1,1d5301eb-60a4-4b30-9d7b-68ccd04bebe1,Delivery - Partner Using Uber App,UberEats iOS,Completed,1/6/22,12:55 PM,15.95,1.24,17.19,0,0,0,0,0,0,0,0,17.19,-4.47,0,0,0,0,0,,0,-1.24,0,11.48,1/10/22,0,0,28,9F3IORFGFV51JE2
Brooklyn Calzones,,#18B7A,ec4c11cf-5d5f-4aa5-bd02-b7f7b1518b7a,Delivery - Partner Using Uber App,UberEats iOS,Completed,1/7/22,5:10 PM,25.9,2.01,27.91,0,0,0,0,0,0,0,0,27.91,-6.48,0,0,0,0,0,,0,-2.01,0,19.42,1/10/22,0,0,25,9F3IORFGFV51JE2
Brooklyn Calzones,,#FCB2A,5b650605-3ebb-46b4-9cb7-4382393fcb2a,Delivery - Partner Using Uber App,Postmates iOS,Completed,1/7/22,6:36 PM,15.45,1.2,16.65,0,0,0,0,0,0,0,0,16.65,-4.33,0,0,0,0,0,,0,-1.2,0,11.12,1/10/22,0,0,28,9F3IORFGFV51JE2
Brooklyn Calzones,,#4E0B1,52d8ecde-1689-4e94-b5a1-3d6fbd04e0b1,Delivery - Partner Using Uber App,Postmates Android,Completed,1/7/22,7:34 PM,42.35,3.28,45.63,0,0,-11,-0.85,0,0,0,0,45.63,-8.78,0,0,0,0,0,,0,-2.43,0,22.57,1/10/22,0,0,28,9F3IORFGFV51JE2
Brooklyn Calzones,,#16215,cd390601-4002-445a-99c8-771969e16215,Delivery - Partner Using Uber App,UberEats iOS,Completed,1/7/22,8:55 PM,32.4,2.51,34.91,0,0,0,0,0,0,0,0,34.91,-8.1,0,0,0,0,0,,0,-2.51,0,24.3,1/10/22,0,0,25,9F3IORFGFV51JE2
Brooklyn Calzones,,#74005,8c828e5d-759d-4949-aac5-2812d4d74005,Delivery - Partner Using Uber App,UberEats Android,Completed,1/8/22,6:10 PM,54.8,4.24,59.04,0,0,-11,-0.85,0,0,0,0,59.04,-10.95,0,0,0,0,0,,0,-3.39,0,32.85,1/10/22,0,0,25,9F3IORFGFV51JE2
Brooklyn Calzones,,#D842C,e04e70c0-7336-4c6e-80eb-f95c23fd842c,Delivery - Partner Using Uber App,Postmates Android,Completed,1/9/22,3:31 PM,42.35,3.28,45.63,0,0,-5,-0.39,0,0,0,0,45.63,-10.46,0,0,0,0,0,,0,-2.89,0,26.89,1/10/22,0,0,28,9F3IORFGFV51JE2
Brooklyn Calzones,,#D74DF,d9b41d12-6bd7-4c19-8405-d780712d74df,Delivery - Partner Using Uber App,UberEats Android,Completed,1/9/22,7:08 PM,17.45,1.35,18.8,0,0,0,0,0,0,0,0,18.8,-4.36,0,0,0,0,0,,0,-1.35,0,13.09,1/10/22,0,0,25,9F3IORFGFV51JE2
Brooklyn Calzones,,#BC62B,ef241515-3293-48d8-84fd-4d5b81abc62b,Delivery - Partner Using Uber App,Postmates iOS,Completed,1/10/22,4:51 PM,15.95,1.24,17.19,0,0,0,0,0,0,0,0,17.19,-4.47,0,0,0,0,0,,0,-1.24,0,11.48,1/18/22,0,0,28,3UQXDOPHKXMDU42
Brooklyn Calzones,,#F503C,01e2533d-15d5-4987-9b19-715bef9f503c,Delivery - Partner Using Uber App,UberEats iOS,Completed,1/11/22,1:08 PM,17.45,1.35,18.8,0,0,0,0,0,0,0,0,18.8,-4.36,0,0,0,0,0,,0,-1.35,0,13.09,1/18/22,0,0,25,3UQXDOPHKXMDU42
Brooklyn Calzones,,#99530,fc2aa351-0b11-4cb8-90d1-afa0a5f99530,Delivery - Partner Using Uber App,UberEats iOS,Completed,1/11/22,5:12 PM,15.95,1.24,17.19,0,0,0,0,0,0,0,0,17.19,-4.47,0,0,0,0,0,,0,-1.24,0,11.48,1/18/22,0,0,28,3UQXDOPHKXMDU42
Brooklyn Calzones,,#701D3,a553e43e-2960-4078-a542-d0c57fb701d3,Delivery - Partner Using Uber App,UberEats iOS,Completed,1/11/22,5:12 PM,13.95,1.08,15.03,0,0,0,0,0,0,0,0,15.03,-3.49,0,0,0,0,0,,0,-1.08,0,10.46,1/18/22,0,0,25,3UQXDOPHKXMDU42
Brooklyn Calzones,,#1E30E,01b48f33-b3a7-4ea3-afdd-4e5213f1e30e,Delivery - Partner Using Uber App,UberEats Android,Completed,1/11/22,7:06 PM,30.4,2.36,32.76,0,0,0,0,0,0,0,0,32.76,-7.6,0,0,0,0,0,,0,-2.36,0,22.8,1/18/22,0,0,25,3UQXDOPHKXMDU42
Brooklyn Calzones,,#5A35C,17af52b9-ba23-4959-9309-c3fc2985a35c,Delivery - Partner Using Uber App,UberEats iOS,Completed,1/11/22,7:11 PM,20.95,1.63,22.58,0,0,-5,-0.39,0,0,0,0,22.58,-4.47,0,0,0,0,0,,0,-1.24,0,11.48,1/18/22,0,0,28,3UQXDOPHKXMDU42
Brooklyn Calzones,,#D49A0,026cc9ef-ea8b-4648-9f9f-2aca305d49a0,Delivery - Partner Using Uber App,UberEats Android,Completed,1/13/22,9:05 PM,39.85,3.09,42.94,0,0,-8,-0.62,0,0,0,0,42.94,-8.92,0,0,0,0,0,,0,-2.47,0,22.93,1/18/22,0,0,28,3UQXDOPHKXMDU42
Brooklyn Calzones,,#27BE6,365b7b2f-48ed-4c66-80a9-50abf2e27be6,Delivery - Partner Using Uber App,Postmates iOS,Completed,1/14/22,1:14 PM,15.45,1.2,16.65,0,0,0,0,0,0,0,0,16.65,-4.33,0,0,0,0,0,,0,-1.2,0,11.12,1/18/22,0,0,28,3UQXDOPHKXMDU42
Brooklyn Calzones,,#52950,22e33d60-a8b8-4473-93a0-f7f240852950,Delivery - Partner Using Uber App,Postmates iOS,Completed,1/14/22,4:46 PM,74.75,5.79,80.54,0,0,0,0,0,0,0,0,80.54,-18.69,0,0,0,0,0,,0,-5.79,0,56.06,1/18/22,0,0,25,3UQXDOPHKXMDU42
Brooklyn Calzones,,#36ACB,f814b1d8-c779-4223-8183-5ed0dee36acb,Delivery - Partner Using Uber App,Postmates iOS,Completed,1/15/22,2:42 PM,15.45,1.2,16.65,0,0,-2,-0.16,0,0,0,0,16.65,-3.77,0,0,0,0,0,,0,-1.04,0,9.68,1/18/22,0,0,28,3UQXDOPHKXMDU42
Brooklyn Calzones,,#C82FD,6e2caff9-7019-4151-813d-637452fc82fd,Delivery - Partner Using Uber App,UberEats iOS,Completed,1/15/22,5:21 PM,44.1,3.42,47.52,0,0,0,0,0,0,0,0,47.52,-12.35,0,0,0,0,0,,0,-3.42,0,31.75,1/18/22,0,0,28,3UQXDOPHKXMDU42
Brooklyn Calzones,,#E1B20,292f90fa-f8eb-4a0b-a3ce-100041ce1b20,Delivery - Partner Using Uber App,Postmates iOS,Completed,1/17/22,6:26 PM,15.45,1.2,16.65,0,0,0,0,0,0,0,0,16.65,-3.86,0,0,0,0,0,,0,-1.2,0,11.59,1/25/22,0,0,25,T35C7BMDV4UCXKF
Brooklyn Calzones,,#A4A7F,9ef99404-bc83-4dc8-ac70-084a43aa4a7f,Delivery - Partner Using Uber App,Postmates Android,Completed,1/17/22,9:11 PM,42.35,3.28,45.63,0,0,-12.95,-1,0,0,0,0,45.63,-8.23,0,0,0,0,0,,0,-2.28,0,21.17,1/25/22,0,0,28,T35C7BMDV4UCXKF
Brooklyn Calzones,,#AAE45,596aa7c6-d79a-4763-8f5f-c33cd69aae45,Delivery - Partner Using Uber App,UberEats iOS,Completed,1/19/22,7:26 PM,15.45,1.2,16.65,0,0,0,0,0,0,0,0,16.65,-4.33,0,0,0,0,0,,0,-1.2,0,11.12,1/25/22,0,0,28,T35C7BMDV4UCXKF
Brooklyn Calzones,,#FC783,fdc73071-6b96-4dea-b291-f3544b4fc783,Delivery - Partner Using Uber App,Postmates Android,Completed,1/19/22,7:46 PM,26.9,2.08,28.98,0,0,0,0,0,0,0,0,28.98,-7.53,0,0,0,0,0,,0,-2.08,0,19.37,1/25/22,0,0,28,T35C7BMDV4UCXKF
Brooklyn Calzones,,#002FF,ebb89302-4eb3-4403-9dfc-37dd880002ff,Delivery - Partner Using Uber App,Postmates iOS,Completed,1/21/22,12:09 PM,15.45,1.2,16.65,0,0,0,0,0,0,0,0,16.65,-4.33,0,0,0,0,0,,0,-1.2,0,11.12,1/25/22,0,0,28,T35C7BMDV4UCXKF
Brooklyn Calzones,,#F7841,7602c408-17f4-4bdb-9605-3ced234f7841,Delivery - Partner Using Uber App,UberEats iOS,Completed,1/21/22,5:48 PM,31.4,2.44,33.84,0,0,-2,-0.16,0,0,0,0,33.84,-7.35,0,0,0,0,0,,0,-2.28,0,22.05,1/25/22,0,0,25,T35C7BMDV4UCXKF
Brooklyn Calzones,,#90E3C,9af73f44-1224-42c1-adf5-d845dd290e3c,Delivery - Partner Using Uber App,UberEats iOS,Completed,1/21/22,7:26 PM,30.4,2.36,32.76,0,0,0,0,0,0,0,0,32.76,-7.6,0,0,0,0,0,,0,-2.36,0,22.8,1/25/22,0,0,25,T35C7BMDV4UCXKF
Brooklyn Calzones,,#6C532,2d13800c-090a-4cd2-9a73-f9589e96c532,Delivery - Partner Using Uber App,Postmates iOS,Completed,1/22/22,11:46 AM,41.85,3.24,45.09,0,0,0,0,0,0,0,0,45.09,-10.46,0,0,0,0,0,,0,-3.24,0,31.39,1/25/22,0,0,25,T35C7BMDV4UCXKF
Brooklyn Calzones,,#70AD4,4963604f-3bff-4247-9d20-181e23270ad4,Delivery - Partner Using Uber App,UberEats iOS,Completed,1/22/22,1:56 PM,15.45,1.2,16.65,0,0,0,0,0,0,0,0,16.65,-3.86,0,0,0,0,0,,0,-1.2,0,11.59,1/25/22,0,0,25,T35C7BMDV4UCXKF
Brooklyn Calzones,,#357E2,0e1d4411-2840-400c-91f4-e9244bd357e2,Delivery - Partner Using Uber App,Postmates Android,Completed,1/22/22,7:43 PM,25.9,2.4,28.3,0,0,-2,-0.19,0,0,0,0,28.3,-6.69,0,0,0,0,0,,0,-2.21,0,17.21,1/25/22,0,0,28,T35C7BMDV4UCXKF
Brooklyn Calzones,,#9C83E,d30ffdc5-2305-4c59-b36b-3b3002d9c83e,Delivery - Partner Using Uber App,UberEats Android,Completed,1/24/22,2:01 PM,17.45,1.35,18.8,0,0,0,0,0,0,0,0,18.8,-4.36,0,0,0,0,0,,0,-1.35,0,13.09,2/8/22,0,0,25,HLB5BOZGWINOG42
Brooklyn Calzones,,#E2BE4,654b086a-968f-47b4-8024-7c23257e2be4,Delivery - Partner Using Uber App,UberEats iOS,Completed,1/25/22,3:30 PM,27.9,2.16,30.06,0,0,0,0,0,0,0,0,30.06,-6.98,0,0,0,0,0,,0,-2.16,0,20.92,2/8/22,0,0,25,HLB5BOZGWINOG42
Brooklyn Calzones,,#FB966,ab77294d-c1a8-413e-906a-a299286fb966,Delivery - Partner Using Uber App,UberEats Android,Completed,1/25/22,5:09 PM,30.9,2.39,33.29,0,0,0,0,0,0,0,0,33.29,-7.73,0,0,0,0,0,,0,-2.39,0,23.17,2/8/22,0,0,25,HLB5BOZGWINOG42
Brooklyn Calzones,,#A7FC7,436023a0-e2a5-4c71-a217-2e19a41a7fc7,Delivery - Partner Using Uber App,UberEats iOS,Completed,1/26/22,12:06 PM,15.95,1.24,17.19,0,0,0,0,0,0,0,0,17.19,-4.47,0,0,0,0,0,,0,-1.24,0,11.48,2/8/22,0,0,28,HLB5BOZGWINOG42
Brooklyn Calzones,,#8869C,9b00651a-aeb1-47db-9689-ae370ea8869c,Delivery - Partner Using Uber App,UberEats iOS,Completed,1/26/22,12:25 PM,12.95,1,13.95,0,0,0,0,0,0,0,0,13.95,-3.24,0,0,0,0,0,,0,-1,0,9.71,2/8/22,0,0,25,HLB5BOZGWINOG42
Brooklyn Calzones,,#D448A,f3e4a0a7-683b-46e6-954b-a5e14b5d448a,Delivery - Partner Using Uber App,UberEats Android,Completed,1/26/22,1:13 PM,13.95,1.08,15.03,0,0,0,0,0,0,0,0,15.03,-3.49,0,0,0,0,0,,0,-1.08,0,10.46,2/8/22,0,0,25,HLB5BOZGWINOG42
Brooklyn Calzones,,#7F3B4,65fb2d94-f5cf-4078-aed6-5ed0efd7f3b4,Delivery - Partner Using Uber App,UberEats iOS,Completed,1/26/22,5:49 PM,30.4,2.36,32.76,0,0,-8,-0.62,0,0,0,0,32.76,-5.6,0,0,0,0,0,,0,-1.74,0,16.8,2/8/22,0,0,25,HLB5BOZGWINOG42
Brooklyn Calzones,,#1C56C,0fd9cb3d-c1e8-48aa-9006-375ece51c56c,Delivery - Partner Using Uber App,UberEats iOS,Completed,1/26/22,6:28 PM,16.95,1.31,18.26,0,0,0,0,0,0,0,0,18.26,-4.24,0,0,0,0,0,,0,-1.31,0,12.71,2/8/22,0,0,25,HLB5BOZGWINOG42
Brooklyn Calzones,,#24741,deba9e5e-3661-45d5-8ae6-ef90f9524741,Delivery - Partner Using Uber App,UberEats iOS,Completed,1/29/22,3:42 PM,31.4,2.43,33.83,0,0,0,0,0,0,0,0,33.83,-7.85,0,0,0,0,0,,0,-2.43,0,23.55,2/8/22,0,0,25,HLB5BOZGWINOG42
Brooklyn Calzones,,#E1AFC,9355f12b-e9af-4ff5-8555-02fe6bfe1afc,Delivery - Partner Using Uber App,Postmates Android,Completed,1/29/22,4:07 PM,15.45,1.2,16.65,0,0,0,0,0,0,0,0,16.65,-4.33,0,0,0,0,0,,0,-1.2,0,11.12,2/8/22,0,0,28,HLB5BOZGWINOG42
Brooklyn Calzones,,#D7A7A,a39ba4a6-27ec-44cc-ac1d-3df05e2d7a7a,Delivery - Partner Using Uber App,Postmates iOS,Completed,1/29/22,6:29 PM,15.45,1.2,16.65,0,0,0,0,0,0,0,0,16.65,-4.33,0,0,0,0,0,,0,-1.2,0,11.12,2/8/22,0,0,28,HLB5BOZGWINOG42
Brooklyn Calzones,,#5000F,d118a1d5-904f-42e1-9cac-da15ee75000f,Delivery - Partner Using Uber App,Postmates Android,Completed,1/30/22,4:29 PM,43.1,3.34,46.44,0,0,-11,-0.85,0,0,0,0,46.44,-8.99,0,0,0,0,0,,0,-2.49,0,23.11,2/8/22,0,0,28,HLB5BOZGWINOG42
Brooklyn Calzones,,#5AE14,555cfeec-e006-443f-b63a-47981085ae14,Delivery - Partner Using Uber App,UberEats iOS,Completed,1/30/22,5:14 PM,12.95,1,13.95,0,0,0,0,0,0,0,0,13.95,-3.24,0,0,0,0,0,,0,-1,0,9.71,2/8/22,0,0,25,HLB5BOZGWINOG42
Brooklyn Calzones,,#96557,4d8d1184-ea62-41c4-be72-91ef77896557,Delivery - Partner Using Uber App,UberEats iOS,Completed,1/31/22,10:40 AM,16.95,1.31,18.26,0,0,0,0,0,0,0,0,18.26,-4.24,0,0,0,0,0,,0,-1.31,0,12.71,2/8/22,0,0,25,HLB5BOZGWINOG42
Brooklyn Calzones,,#9D18F,47c7ddba-433d-4a7f-969b-4c936889d18f,Delivery - Partner Using Uber App,UberEats iOS,Completed,1/31/22,12:09 PM,26.9,2.08,28.98,0,0,0,0,0,0,0,0,28.98,-7.53,0,0,0,0,0,,0,-2.08,0,19.37,2/8/22,0,0,28,HLB5BOZGWINOG42
Cupid’s Wings,,#0AD3D,0f73a6b7-d22e-498d-95d1-764ac9d0ad3d,Delivery - Partner Using Uber App,UberEats iOS,Completed,1/1/22,4:47 PM,69.9,5.42,75.32,0,0,0,0,0,0,0,0,75.32,-17.48,0,0,0,0,0,,0,-5.42,0,52.42,1/3/22,0,0,25,N6PUC0X7DJ18BJR
Cupid’s Wings,,#0837A,84b83e85-ace5-427d-97fe-7cbef8f0837a,Delivery - Partner Using Uber App,UberEats iOS,Completed,1/1/22,6:05 PM,19.95,1.55,21.5,0,0,0,0,0,0,0,0,21.5,-4.99,0,0,0,0,0,,0,-1.55,0,14.96,1/3/22,0,0,25,N6PUC0X7DJ18BJR
Cupid’s Wings,,#3DFD8,29260e16-3e4b-4736-8e82-2a9ea6d3dfd8,Delivery - Partner Using Uber App,Postmates iOS,Completed,1/20/22,1:59 PM,19.95,1.54,21.49,0,0,-3,-0.23,0,0,0,0,21.49,-4.24,0,0,0,0,0,,0,-1.31,0,12.71,1/25/22,0,0,25,R8BG819T1KBXDAJ
FREAKING GOOD PIZZA,,#4A998,2c72e410-758b-4f2c-ae67-8d222374a998,Delivery - Partner Using Uber App,Postmates iOS,Completed,1/2/22,1:08 PM,26.48,2.06,28.54,0,0,-2,-0.16,0,0,0,0,28.54,-6.12,0,0,0,0,0,,0,-1.9,0,18.36,1/10/22,0,0,25,NMFZ32J5QI739JH
FREAKING GOOD PIZZA,,#3B4DB,7322dd17-cd02-46d3-b5ca-90eb6d73b4db,Delivery - Partner Using Uber App,Postmates iOS,Completed,1/9/22,3:17 PM,18.49,1.43,19.92,0,0,0,0,0,0,0,0,19.92,-4.62,0,0,0,0,0,,0,-1.43,0,13.87,1/10/22,0,0,25,NMFZ32J5QI739JH
FREAKING GOOD PIZZA,,#AA636,e60df496-dc12-42d4-b6fd-8429805aa636,Delivery - Partner Using Uber App,Postmates Android,Completed,1/9/22,5:17 PM,41.48,3.21,44.69,0,0,-11,-0.85,0,0,0,0,44.69,-8.53,0,0,0,0,0,,0,-2.36,0,21.95,1/10/22,0,0,28,NMFZ32J5QI739JH
FREAKING GOOD PIZZA,,#75547,8f30b12b-a651-4877-8e5f-296868575547,Delivery - Partner Using Uber App,UberEats iOS,Completed,1/9/22,6:51 PM,17.99,1.39,19.38,0,0,0,0,0,0,0,0,19.38,-4.5,0,0,0,0,0,,0,-1.39,0,13.49,1/10/22,0,0,25,NMFZ32J5QI739JH
FREAKING GOOD PIZZA,,#DF98C,11e06461-9822-4060-94fb-501cbd6df98c,Delivery - Partner Using Uber App,UberEats iOS,Completed,1/9/22,8:26 PM,40.47,3.13,43.6,0,0,-11,-0.85,0,0,0,0,43.6,-8.25,0,0,0,0,0,,0,-2.28,0,21.22,1/10/22,0,0,28,NMFZ32J5QI739JH
FREAKING GOOD PIZZA,,#940A5,dc92de03-ca06-4fb6-8341-c05ec5a940a5,Delivery - Partner Using Uber App,UberEats Web,Completed,1/9/22,8:40 PM,27.48,2.13,29.61,0,0,0,0,0,0,0,0,29.61,-6.87,0,0,0,0,0,,0,-2.13,0,20.61,1/10/22,0,0,25,NMFZ32J5QI739JH
FREAKING GOOD PIZZA,,#73A32,3d0ebaa3-4670-4649-820e-b19e33e73a32,Delivery - Partner Using Uber App,UberEats iOS,Completed,1/10/22,6:03 PM,33.97,2.63,36.6,0,0,0,0,0,0,0,0,36.6,-9.51,0,0,0,0,0,,0,-2.63,0,24.46,1/19/22,0,0,28,YFQS3KH720RYKW3
FREAKING GOOD PIZZA,,#9A907,49c1f705-4ecd-4b16-aa15-9e78e429a907,Delivery - Partner Using Uber App,UberEats iOS,Completed,1/12/22,5:43 PM,26.48,2.05,28.53,0,0,0,0,0,0,0,0,28.53,-7.41,0,0,0,0,0,,0,-2.05,0,19.07,1/19/22,0,0,28,YFQS3KH720RYKW3
FREAKING GOOD PIZZA,,#6CAD1,9cb6916f-642b-4d48-9e38-35cc4966cad1,Delivery - Partner Using Uber App,Postmates iOS,Completed,1/13/22,5:47 PM,42.48,3.29,45.77,0,0,-11,-0.85,0,0,0,0,45.77,-7.87,0,0,0,0,0,,0,-2.44,0,23.61,1/19/22,0,0,25,YFQS3KH720RYKW3
FREAKING GOOD PIZZA,,#AA644,4b447a02-1db8-4654-a68a-7768b29aa644,Delivery - Partner Using Uber App,UberEats iOS,Completed,1/13/22,9:16 PM,26.98,2.09,29.07,0,0,0,0,0,0,0,0,29.07,-6.75,0,0,0,0,0,,0,-2.09,0,20.23,1/19/22,0,0,25,YFQS3KH720RYKW3
FREAKING GOOD PIZZA,,#E9D0C,d293d3ec-94db-4a87-a6bb-5af37a7e9d0c,Delivery - Partner Using Uber App,UberEats iOS,Completed,1/14/22,8:20 PM,76.96,5.96,82.92,0,0,-11,-0.85,0,0,0,0,82.92,-16.49,0,0,0,0,0,,0,-5.11,0,49.47,1/19/22,0,0,25,YFQS3KH720RYKW3
FREAKING GOOD PIZZA,,#D2DD7,ce539b91-fc22-43f6-8a88-040a0ccd2dd7,Delivery - Partner Using Uber App,UberEats iOS,Completed,1/18/22,6:04 PM,30.98,2.4,33.38,0,0,0,0,0,0,0,0,33.38,-8.67,0,0,0,0,0,,0,-2.4,0,22.31,1/25/22,0,0,28,2DQKCWKNPHFADQA
FREAKING GOOD PIZZA,,#C0828,b9896f9b-b113-41e0-bbbd-3da2f5dc0828,Delivery - Partner Using Uber App,UberEats iOS,Completed,1/19/22,11:06 AM,27.98,2.17,30.15,0,0,0,0,0,0,0,0,30.15,-7,0,0,0,0,0,,0,-2.17,0,20.98,1/25/22,0,0,25,2DQKCWKNPHFADQA
FREAKING GOOD PIZZA,,#89209,03ed8a36-5d22-425d-bc73-220625f89209,Delivery - Partner Using Uber App,Postmates Android,Completed,1/19/22,5:16 PM,27.98,2.16,30.14,0,0,-13.99,-1.08,0,0,0,0,30.14,-3.5,0,0,0,0,0,,0,-1.08,0,10.49,1/25/22,0,0,25,2DQKCWKNPHFADQA
FREAKING GOOD PIZZA,,#AC8A6,5a583ee7-9a31-4dfa-8ed0-686c0f9ac8a6,Delivery - Partner Using Uber App,UberEats iOS,Completed,1/21/22,6:10 PM,46.22,3.58,49.8,0,0,0,0,0,0,0,0,49.8,-11.56,0,0,0,0,0,,0,-3.58,0,34.66,1/25/22,0,0,25,2DQKCWKNPHFADQA
FREAKING GOOD PIZZA,,#84546,3abaf3a0-8e5b-42e9-be8b-cba832784546,Delivery - Partner Using Uber App,UberEats Android,Completed,1/21/22,7:54 PM,52.96,4.1,57.06,0,0,-13.99,-1.08,0,0,0,0,57.06,-10.91,0,0,0,0,0,,0,-3.02,0,28.06,1/25/22,0,0,28,2DQKCWKNPHFADQA
FREAKING GOOD PIZZA,,#5E1AF,f86ccce0-dadf-4a16-8a80-9f193c35e1af,Delivery - Partner Using Uber App,UberEats Android,Completed,1/21/22,7:55 PM,35.98,2.78,38.76,0,0,-13.99,-1.08,0,0,0,0,38.76,-5.5,0,0,0,0,0,,0,-1.7,0,16.49,1/25/22,0,0,25,2DQKCWKNPHFADQA
FREAKING GOOD PIZZA,,#08596,2461bfa4-a4f7-498a-8bbe-a67818008596,Delivery - Partner Using Uber App,Postmates iOS,Completed,1/22/22,5:56 PM,30.48,2.36,32.84,0,0,-13.99,-1.08,0,0,0,0,32.84,-4.12,0,0,0,0,0,,0,-1.28,0,12.37,1/25/22,0,0,25,2DQKCWKNPHFADQA
FREAKING GOOD PIZZA,,#13C48,8ecae80d-7675-4b83-9a59-ba7f99113c48,Delivery - Partner Using Uber App,Postmates iOS,Completed,1/25/22,7:05 PM,31.98,2.48,34.46,0,0,0,0,0,0,0,0,34.46,-8.95,0,0,0,0,0,,0,-2.48,0,23.03,2/8/22,0,0,28,FCK1SPD64FNXUXK
FREAKING GOOD PIZZA,,#91FEB,a2d30233-892a-4377-b8c8-3897a0191feb,Delivery - Partner Using Uber App,UberEats iOS,Completed,1/27/22,3:43 PM,31.48,2.44,33.92,0,0,-13.99,-1.08,0,0,0,0,33.92,-4.9,0,0,0,0,0,,0,-1.36,0,12.59,2/8/22,0,0,28,FCK1SPD64FNXUXK
FREAKING GOOD PIZZA,,#01877,d4254bb0-958c-41ac-a329-5baf56f01877,Delivery - Partner Using Uber App,UberEats Web,Completed,1/27/22,5:45 PM,29.98,2.32,32.3,0,0,-13.99,-1.08,0,0,0,0,32.3,-4,0,0,0,0,0,,0,-1.24,0,11.99,2/8/22,0,0,25,FCK1SPD64FNXUXK
FREAKING GOOD PIZZA,,#14BBF,d9f0a6db-680e-4da9-b90e-31d519f14bbf,Delivery - Partner Using Uber App,UberEats Android,Completed,1/29/22,6:41 PM,27.49,2.13,29.62,0,0,0,0,0,0,0,0,29.62,-7.7,0,0,0,0,0,,0,-2.13,0,19.79,2/8/22,0,0,28,FCK1SPD64FNXUXK
FREAKING GOOD PIZZA,,#D4B25,766c5440-d610-44d2-b5b9-df5b553d4b25,Delivery - Partner Using Uber App,UberEats Android,Completed,1/30/22,11:39 AM,28.48,2.21,30.69,0,0,0,0,0,0,0,0,30.69,-7.12,0,0,0,0,0,,0,-2.21,0,21.36,2/8/22,0,0,25,FCK1SPD64FNXUXK
FREAKING GOOD PIZZA,,#3F0EF,8c1dee31-59b4-4305-988d-57d2eca3f0ef,Delivery - Partner Using Uber App,UberEats iOS,Completed,1/30/22,12:01 PM,41.97,3.25,45.22,0,0,-13.99,-1.08,0,0,0,0,45.22,-7.83,0,0,0,0,0,,0,-2.17,0,20.15,2/8/22,0,0,28,FCK1SPD64FNXUXK
The Wing Stop ,,#42AEA,812900d6-e899-4384-858c-40de2a742aea,Delivery - Partner Using Uber App,UberEats iOS,Completed,1/1/22,12:49 PM,38.99,3.02,42.01,0,0,0,0,0,0,0,0,42.01,-7.41,0,0,0,0,0,,0,-3.02,0,31.58,1/3/22,0,0,19,NA5YSCBPX7L864P
The Wing Stop ,,#48AE5,ef99df09-b904-4b77-ab8b-bc40a3248ae5,Delivery - Partner Using Uber App,UberEats iOS,Completed,1/1/22,1:53 PM,38.99,3.02,42.01,0,0,0,0,0,0,0,0,42.01,-7.41,0,0,0,0,0,,0,-3.02,0,31.58,1/3/22,0,0,19,NA5YSCBPX7L864P
The Wing Stop ,,#36FB3,78a154f9-4885-4a4a-a900-78dbdd936fb3,Delivery - Partner Using Uber App,UberEats iOS,Completed,1/1/22,5:35 PM,37.49,2.91,40.4,0,0,0,0,0,0,0,0,40.4,-7.12,0,0,0,0,0,,0,-2.91,0,30.37,1/3/22,0,0,19,NA5YSCBPX7L864P
The Wing Stop ,,#2F5DB,34d42add-21bd-472c-b78b-5d69d092f5db,Delivery - Partner Using Uber App,Postmates iOS,Completed,1/1/22,6:27 PM,21.47,1.66,23.13,0,0,0,0,0,0,0,0,23.13,-4.08,0,0,0,0,0,,0,-1.66,0,17.39,1/3/22,0,0,19,NA5YSCBPX7L864P
The Wing Stop ,,#00F67,21660515-06dd-4e5f-b49b-d700db500f67,Delivery - Partner Using Uber App,UberEats iOS,Completed,1/2/22,10:47 AM,99.22,7.69,106.91,0,0,0,0,0,0,0,0,106.91,-18.85,0,0,0,0,0,,0,-7.69,0,80.37,1/3/22,0,0,19,NA5YSCBPX7L864P
The Wing Stop ,,#2FF1D,effcc2bf-f8b2-4de8-98fd-f37e7582ff1d,Delivery - Partner Using Uber App,UberEats Android,Unfulfilled,1/2/22,2:30 PM,40.98,3.18,44.16,0,0,0,0,0,0,0,0,44.16,-7.79,0,0,0,0,0,,0,-3.18,0,33.19,1/3/22,0,0,19,NA5YSCBPX7L864P
The Wing Stop ,,#F9474,f91462e9-aae2-419d-9fa9-5a9e569f9474,Delivery - Partner Using Uber App,Postmates Android,Completed,1/2/22,5:17 PM,41.99,3.25,45.24,0,0,0,0,0,0,0,0,45.24,-7.98,0,0,0,0,0,,0,-3.25,0,34.01,1/3/22,0,0,19,NA5YSCBPX7L864P
The Wing Stop ,,#4BC1F,7e255d82-2998-45d7-b14b-2b59da34bc1f,Delivery - Partner Using Uber App,Postmates iOS,Completed,1/2/22,5:16 PM,23.98,1.86,25.84,0,0,0,0,0,0,0,0,25.84,-4.56,0,0,0,0,0,,0,-1.86,0,19.42,1/3/22,0,0,19,NA5YSCBPX7L864P
The Wing Stop ,,,,,Unknown,,,,0,0,0,0,0,0,0,0,0,0,0,0,0,0,0,0,0,0,Restaurant refunds,50.71,0,0,50.71,1/10/22,0,0,,HDDSM4TK90GYRT8
The Wing Stop ,,#4858E,9d43bf57-6de6-4f74-a6d8-786d5074858e,Delivery - Partner Using Uber App,Postmates iOS,Completed,1/5/22,6:41 PM,35.23,2.73,37.96,0,0,0,0,0,0,0,0,37.96,-6.69,0,0,0,0,0,,0,-2.73,0,28.54,1/10/22,0,0,19,HDDSM4TK90GYRT8
The Wing Stop ,,#CE00E,05962c4d-7e9c-4a06-89fc-635f01cce00e,Delivery - Partner Using Uber App,Postmates Android,Completed,1/5/22,6:24 PM,22.28,1.73,24.01,0,0,0,0,0,0,0,0,24.01,-4.23,0,0,0,0,0,,0,-1.73,0,18.05,1/10/22,0,0,19,HDDSM4TK90GYRT8
The Wing Stop ,,#B6539,a5170a8e-eab0-42d8-ad6a-dfaaae5b6539,Delivery - Partner Using Uber App,Postmates Android,Completed,1/6/22,6:47 PM,17.99,1.39,19.38,0,0,0,0,0,0,0,0,19.38,-3.42,0,0,0,0,0,,0,-1.39,0,14.57,1/10/22,0,0,19,HDDSM4TK90GYRT8
The Wing Stop ,,#ACAEB,715db0a6-c45a-456f-b87d-6a61aafacaeb,Delivery - Partner Using Uber App,UberEats iOS,Completed,1/6/22,8:42 PM,35.98,2.79,38.77,0,0,0,0,0,0,0,0,38.77,-6.84,0,0,0,0,0,,0,-2.79,0,29.14,1/10/22,0,0,19,HDDSM4TK90GYRT8
The Wing Stop ,,#FF690,11e912c1-9ff9-47d8-88e0-d3c0903ff690,Delivery - Partner Using Uber App,Postmates iOS,Completed,1/7/22,8:14 PM,11.99,0.93,12.92,0,0,0,0,0,0,0,0,12.92,-2.28,0,0,0,0,0,,0,-0.93,0,9.71,1/10/22,0,0,19,HDDSM4TK90GYRT8
The Wing Stop ,,#2DC10,cf014a61-f024-43cd-90b0-e80ad392dc10,Delivery - Partner Using Uber App,UberEats iOS,Completed,1/8/22,3:38 PM,96.7,7.49,104.19,0,0,0,0,0,0,0,0,104.19,-18.37,0,0,0,0,0,,0,-7.49,0,78.33,1/10/22,0,0,19,HDDSM4TK90GYRT8
The Wing Stop ,,#8120A,c39f5369-e51e-479d-8cd3-1e257548120a,Delivery - Partner Using Uber App,UberEats iOS,Canceled,1/8/22,8:48 PM,37.49,2.91,40.4,0,0,0,0,0,0,0,0,40.4,-7.12,0,0,0,0,0,,0,-2.91,0,30.37,1/10/22,0,0,19,HDDSM4TK90GYRT8
The Wing Stop ,,#D447F,1cd72d1b-ffe3-4a1a-8c43-06ad961d447f,Delivery - Partner Using Uber App,Postmates iOS,Completed,1/9/22,4:43 PM,22.98,1.78,24.76,0,0,0,0,0,0,0,0,24.76,-4.37,0,0,0,0,0,,0,-1.78,0,18.61,1/10/22,0,0,19,HDDSM4TK90GYRT8
The Wing Stop ,,#513BC,d88fd467-b798-4e53-b068-f146047513bc,Delivery - Partner Using Uber App,UberEats Android,Completed,1/9/22,6:40 PM,41.3,3.2,44.5,0,0,0,0,0,0,0,0,44.5,-7.85,0,0,0,0,0,,0,-3.2,0,33.45,1/10/22,0,0,19,HDDSM4TK90GYRT8
The Wing Stop ,,#9397E,61f79ffa-eac2-4cd9-baed-e9959c59397e,Delivery - Partner Using Uber App,UberEats iOS,Completed,1/9/22,8:42 PM,19.74,1.53,21.27,0,0,0,0,0,0,0,0,21.27,-3.75,0,0,0,0,0,,0,-1.53,0,15.99,1/10/22,0,0,19,HDDSM4TK90GYRT8
The Wing Stop ,,#448EA,74ec2208-c38c-4d73-b8c9-456800a448ea,Delivery - Partner Using Uber App,UberEats iOS,Completed,1/10/22,11:53 AM,26.98,2.09,29.07,0,0,0,0,0,0,0,0,29.07,-5.13,0,0,0,0,0,,0,-2.09,0,21.85,1/18/22,0,0,19,INVT5ZTC4ELW5NS
The Wing Stop ,,#FAB4C,7ce1b6e0-2dde-4e88-ac8f-0482cf7fab4c,Delivery - Partner Using Uber App,UberEats iOS,Completed,1/10/22,12:03 PM,17.99,1.57,19.56,0,0,0,0,0,0,0,0,19.56,-3.42,0,0,0,0,0,,0,-1.57,0,14.57,1/18/22,0,0,19,INVT5ZTC4ELW5NS
The Wing Stop ,,#DD326,a9e39b8d-dd6f-433f-acf4-be4c2d0dd326,Delivery - Partner Using Uber App,Postmates iOS,Completed,1/10/22,1:29 PM,21.48,1.66,23.14,0,0,0,0,0,0,0,0,23.14,-4.08,0,0,0,0,0,,0,-1.66,0,17.4,1/18/22,0,0,19,INVT5ZTC4ELW5NS
The Wing Stop ,,#8F278,876f4cc0-e433-4f83-a8b4-24fb9298f278,Delivery - Partner Using Uber App,UberEats iOS,Completed,1/11/22,10:45 AM,38.99,3.02,42.01,0,0,0,0,0,0,0,0,42.01,-7.41,0,0,0,0,0,,0,-3.02,0,31.58,1/18/22,0,0,19,INVT5ZTC4ELW5NS
The Wing Stop ,,#DDDDA,48c22189-bee8-402e-a136-8d87489dddda,Delivery - Partner Using Uber App,UberEats iOS,Completed,1/11/22,12:49 PM,21.49,1.67,23.16,0,0,0,0,0,0,0,0,23.16,-4.08,0,0,0,0,0,,0,-1.67,0,17.41,1/18/22,0,0,19,INVT5ZTC4ELW5NS
The Wing Stop ,,#2DA03,90bf40c9-02b4-44cc-a300-412a45d2da03,Delivery - Partner Using Uber App,UberEats iOS,Completed,1/11/22,4:38 PM,53.96,4.18,58.14,0,0,0,0,0,0,0,0,58.14,-10.25,0,0,0,0,0,,0,-4.18,0,43.71,1/18/22,0,0,19,INVT5ZTC4ELW5NS
The Wing Stop ,,#FFD39,50faecc6-f55d-4542-9bd7-2927426ffd39,Delivery - Partner Using Uber App,UberEats iOS,Completed,1/11/22,7:53 PM,56.98,4.42,61.4,0,0,0,0,0,0,0,0,61.4,-10.83,0,0,0,0,0,,0,-4.42,0,46.15,1/18/22,0,0,19,INVT5ZTC4ELW5NS
The Wing Stop ,,#CDBE6,83485de2-15e9-4a3a-9e05-a55a597cdbe6,Delivery - Partner Using Uber App,UberEats iOS,Completed,1/12/22,12:48 PM,20.98,1.63,22.61,0,0,0,0,0,0,0,0,22.61,-3.99,0,0,0,0,0,,0,-1.63,0,16.99,1/18/22,0,0,19,INVT5ZTC4ELW5NS
The Wing Stop ,,#64CE1,971fbcbb-13cc-4d0f-a264-ece548f64ce1,Delivery - Partner Using Uber App,UberEats Web,Completed,1/14/22,3:36 PM,42.48,3.29,45.77,0,0,0,0,0,0,0,0,45.77,-8.07,0,0,0,0,0,,0,-3.29,0,34.41,1/18/22,0,0,19,INVT5ZTC4ELW5NS
The Wing Stop ,,#9D6DC,90d28d56-cc34-4820-8c93-e1303449d6dc,Delivery - Partner Using Uber App,UberEats Android,Completed,1/14/22,5:42 PM,48.73,3.78,52.51,0,0,0,0,0,0,0,0,52.51,-9.26,0,0,0,0,0,,0,-3.78,0,39.47,1/18/22,0,0,19,INVT5ZTC4ELW5NS
The Wing Stop ,,#69585,d9296417-5457-41f8-bcfe-961f8ec69585,Delivery - Partner Using Uber App,UberEats Android,Completed,1/14/22,6:56 PM,27.23,2.11,29.34,0,0,0,0,0,0,0,0,29.34,-5.17,0,0,0,0,0,,0,-2.11,0,22.06,1/18/22,0,0,19,INVT5ZTC4ELW5NS
The Wing Stop ,,#0E4F8,68ab7579-3c68-4e18-8580-d29e0a90e4f8,Delivery - Partner Using Uber App,UberEats iOS,Completed,1/15/22,1:48 PM,56.46,4.38,60.84,0,0,0,0,0,0,0,0,60.84,-10.73,0,0,0,0,0,,0,-4.38,0,45.73,1/18/22,0,0,19,INVT5ZTC4ELW5NS
The Wing Stop ,,#771E5,b3f6e052-7988-4640-973b-ee2630d771e5,Delivery - Partner Using Uber App,Postmates iOS,Completed,1/15/22,5:08 PM,42.74,3.31,46.05,0,0,0,0,0,0,0,0,46.05,-8.12,0,0,0,0,0,,0,-3.31,0,34.62,1/18/22,0,0,19,INVT5ZTC4ELW5NS
The Wing Stop ,,#D7351,8f0da5a6-6427-4eaa-9d5d-163f5b5d7351,Delivery - Partner Using Uber App,UberEats Web,Completed,1/16/22,11:46 AM,45.97,3.56,49.53,0,0,0,0,0,0,0,0,49.53,-8.73,0,0,0,0,0,,0,-3.56,0,37.24,1/18/22,0,0,19,INVT5ZTC4ELW5NS
The Wing Stop ,,#91DA2,e6d2ffde-27db-44bf-a5f8-c65b02591da2,Delivery - Partner Using Uber App,Postmates iOS,Completed,1/16/22,4:23 PM,50.98,3.95,54.93,0,0,0,0,0,0,0,0,54.93,-9.69,0,0,0,0,0,,0,-3.95,0,41.29,1/18/22,0,0,19,INVT5ZTC4ELW5NS
The Wing Stop ,,#DDAD4,5b123b24-7d07-4273-854c-d8b37beddad4,Delivery - Partner Using Uber App,UberEats Android,Completed,1/17/22,12:19 PM,24.47,1.9,26.37,0,0,0,0,0,0,0,0,26.37,-4.65,0,0,0,0,0,,0,-1.9,0,19.82,1/25/22,0,0,19,K8WWXXSX12K3ZTQ
The Wing Stop ,,#C7D90,185c2e04-4c7f-4cdb-826b-47ee551c7d90,Delivery - Partner Using Uber App,UberEats iOS,Completed,1/17/22,5:59 PM,27.98,2.17,30.15,0,0,0,0,0,0,0,0,30.15,-5.32,0,0,0,0,0,,0,-2.17,0,22.66,1/25/22,0,0,19,K8WWXXSX12K3ZTQ
The Wing Stop ,,#FEE3B,9aeaf9eb-b43e-4d78-acc9-343c7a4fee3b,Delivery - Partner Using Uber App,UberEats iOS,Completed,1/17/22,7:32 PM,18.74,1.45,20.19,0,0,0,0,0,0,0,0,20.19,-3.56,0,0,0,0,0,,0,-1.45,0,15.18,1/25/22,0,0,19,K8WWXXSX12K3ZTQ
The Wing Stop ,,#1905C,547c2792-3e56-44dc-966c-33931841905c,Delivery - Partner Using Uber App,Postmates iOS,Completed,1/18/22,7:56 PM,19.99,1.55,21.54,0,0,0,0,0,0,0,0,21.54,-3.8,0,0,0,0,0,,0,-1.55,0,16.19,1/25/22,0,0,19,K8WWXXSX12K3ZTQ
The Wing Stop ,,#BD6C4,dd03de12-9beb-4ee0-b0c8-fb2c982bd6c4,Delivery - Partner Using Uber App,Postmates iOS,Completed,1/19/22,2:00 PM,63.19,4.9,68.09,0,0,0,0,0,0,0,0,68.09,-12.01,0,0,0,0,0,,0,-4.9,0,51.18,1/25/22,0,0,19,K8WWXXSX12K3ZTQ
The Wing Stop ,,#B6994,909d5304-9175-4477-b0ea-7da470eb6994,Delivery - Partner Using Uber App,UberEats Web,Completed,1/19/22,3:39 PM,19.49,1.51,21,0,0,0,0,0,0,0,0,21,-3.7,0,0,0,0,0,,0,-1.51,0,15.79,1/25/22,0,0,19,K8WWXXSX12K3ZTQ
The Wing Stop ,,#F3376,879412f0-a001-4910-8040-99c7c3ff3376,Delivery - Partner Using Uber App,UberEats Android,Completed,1/19/22,4:14 PM,17.98,1.39,19.37,0,0,0,0,0,0,0,0,19.37,-3.42,0,0,0,0,0,,0,-1.39,0,14.56,1/25/22,0,0,19,K8WWXXSX12K3ZTQ
The Wing Stop ,,#C5A54,d54869c8-b29d-4eb5-a8b1-af23622c5a54,Delivery - Partner Using Uber App,UberEats iOS,Completed,1/19/22,5:55 PM,17.99,1.39,19.38,0,0,0,0,0,0,0,0,19.38,-3.42,0,0,0,0,0,,0,-1.39,0,14.57,1/25/22,0,0,19,K8WWXXSX12K3ZTQ
The Wing Stop ,,#1FAA0,5024e923-5388-48a3-869e-9834ae71faa0,Delivery - Partner Using Uber App,Postmates iOS,Completed,1/20/22,8:34 PM,23.52,1.82,25.34,0,0,0,0,0,0,0,0,25.34,-4.47,0,0,0,0,0,,0,-1.82,0,19.05,1/25/22,0,0,19,K8WWXXSX12K3ZTQ
The Wing Stop ,,#05E62,78f9929c-2dd8-4c58-84fa-2b448fb05e62,Delivery - Partner Using Uber App,UberEats iOS,Completed,1/21/22,5:47 PM,41.96,3.25,45.21,0,0,0,0,0,0,0,0,45.21,-7.97,0,0,0,0,0,,0,-3.25,0,33.99,1/25/22,0,0,19,K8WWXXSX12K3ZTQ
The Wing Stop ,,#800AC,37c04b7c-4942-4f98-8f8f-bd78a33800ac,Delivery - Partner Using Uber App,Postmates iOS,Completed,1/21/22,6:37 PM,21.73,1.68,23.41,0,0,0,0,0,0,0,0,23.41,-4.13,0,0,0,0,0,,0,-1.68,0,17.6,1/25/22,0,0,19,K8WWXXSX12K3ZTQ
The Wing Stop ,,#5725C,8bc63edf-1880-458c-bf5c-7fea0155725c,Delivery - Partner Using Uber App,UberEats iOS,Completed,1/21/22,8:01 PM,40.49,3.14,43.63,0,0,0,0,0,0,0,0,43.63,-7.69,0,0,0,0,0,,0,-3.14,0,32.8,1/25/22,0,0,19,K8WWXXSX12K3ZTQ
The Wing Stop ,,#790B3,95a4612a-85e8-47fb-a343-59c5d8c790b3,Delivery - Partner Using Uber App,UberEats Web,Completed,1/22/22,1:47 PM,17.99,1.39,19.38,0,0,0,0,0,0,0,0,19.38,-3.42,0,0,0,0,0,,0,-1.39,0,14.57,1/25/22,0,0,19,K8WWXXSX12K3ZTQ
The Wing Stop ,,#92008,d36b4e17-4dc7-42b7-8e77-7e7414792008,Delivery - Partner Using Uber App,UberEats iOS,Completed,1/22/22,3:31 PM,36.47,2.83,39.3,0,0,0,0,0,0,0,0,39.3,-6.93,0,0,0,0,0,,0,-2.83,0,29.54,1/25/22,0,0,19,K8WWXXSX12K3ZTQ
The Wing Stop ,,#D1E91,42dd83c3-5f95-432f-b5dd-368ac1dd1e91,Delivery - Partner Using Uber App,UberEats Web,Completed,1/22/22,4:06 PM,20.98,1.63,22.61,0,0,0,0,0,0,0,0,22.61,-3.99,0,0,0,0,0,,0,-1.63,0,16.99,1/25/22,0,0,19,K8WWXXSX12K3ZTQ
The Wing Stop ,,#D4F97,fd517ffc-41da-45e2-a20c-39dd1dbd4f97,Delivery - Partner Using Uber App,UberEats Android,Completed,1/22/22,7:28 PM,22.48,1.74,24.22,0,0,0,0,0,0,0,0,24.22,-4.27,0,0,0,0,0,,0,-1.74,0,18.21,1/25/22,0,0,19,K8WWXXSX12K3ZTQ
The Wing Stop ,,#128D8,0b78ccca-ccf5-4e71-867a-5a98fdd128d8,Delivery - Partner Using Uber App,UberEats iOS,Completed,1/22/22,9:00 PM,35.99,2.79,38.78,0,0,0,0,0,0,0,0,38.78,-6.84,0,0,0,0,0,,0,-2.79,0,29.15,1/25/22,0,0,19,K8WWXXSX12K3ZTQ
The Wing Stop ,,#6D082,f1ef6737-929e-48e2-8ce3-695491d6d082,Delivery - Partner Using Uber App,UberEats iOS,Completed,1/23/22,2:20 PM,63.46,4.92,68.38,0,0,0,0,0,0,0,0,68.38,-12.06,0,0,0,0,0,,0,-4.92,0,51.4,1/25/22,0,0,19,K8WWXXSX12K3ZTQ
The Wing Stop ,,#FE2EA,1c39c0f3-8e11-455d-b3fc-fd2e169fe2ea,Delivery - Partner Using Uber App,UberEats iOS,Completed,1/24/22,9:09 PM,20.24,1.57,21.81,0,0,0,0,0,0,0,0,21.81,-3.85,0,0,0,0,0,,0,-1.57,0,16.39,2/7/22,0,0,19,ZSPN63PSKCA21NV
The Wing Stop ,,#E6BB5,63600d9c-6ead-4453-b4ee-e321147e6bb5,Delivery - Partner Using Uber App,Postmates iOS,Completed,1/26/22,11:50 AM,39.74,3.08,42.82,0,0,0,0,0,0,0,0,42.82,-7.55,0,0,0,0,0,,0,-3.08,0,32.19,2/7/22,0,0,19,ZSPN63PSKCA21NV
The Wing Stop ,,#71D85,b81a46e9-3ab6-4af2-8522-5ea248471d85,Delivery - Partner Using Uber App,UberEats Android,Completed,1/26/22,6:43 PM,39.97,3.1,43.07,0,0,0,0,0,0,0,0,43.07,-7.59,0,0,0,0,0,,0,-3.1,0,32.38,2/7/22,0,0,19,ZSPN63PSKCA21NV
The Wing Stop ,,#0C5C1,dd97245a-56f4-4522-b451-de43a0d0c5c1,Delivery - Partner Using Uber App,UberEats Android,Completed,1/26/22,7:06 PM,25.97,2.01,27.98,0,0,0,0,0,0,0,0,27.98,-4.93,0,0,0,0,0,,0,-2.01,0,21.04,2/7/22,0,0,19,ZSPN63PSKCA21NV
The Wing Stop ,,#2952E,5927119f-99e9-4032-92a3-2f9a0502952e,Delivery - Partner Using Uber App,UberEats iOS,Completed,1/26/22,8:26 PM,17.99,1.39,19.38,0,0,0,0,0,0,0,0,19.38,-3.42,0,0,0,0,0,,0,-1.39,0,14.57,2/7/22,0,0,19,ZSPN63PSKCA21NV
The Wing Stop ,,#E2C5F,4c39c023-8911-4507-928a-bad030ae2c5f,Delivery - Partner Using Uber App,Postmates iOS,Completed,1/27/22,5:05 PM,50.98,3.95,54.93,0,0,0,0,0,0,0,0,54.93,-9.69,0,0,0,0,0,,0,-3.95,0,41.29,2/7/22,0,0,19,ZSPN63PSKCA21NV
The Wing Stop ,,#F05D8,10e8df5f-06e4-46a9-b932-9f42f95f05d8,Delivery - Partner Using Uber App,UberEats iOS,Completed,1/28/22,12:58 PM,38.99,3.02,42.01,0,0,0,0,0,0,0,0,42.01,-7.41,0,0,0,0,0,,0,-3.02,0,31.58,2/7/22,0,0,19,ZSPN63PSKCA21NV
The Wing Stop ,,#E9584,d6cb0d07-edc7-4b49-b40d-e428b14e9584,Delivery - Partner Using Uber App,UberEats iOS,Completed,1/28/22,1:34 PM,17.99,1.39,19.38,0,0,0,0,0,0,0,0,19.38,-3.42,0,0,0,0,0,,0,-1.39,0,14.57,2/7/22,0,0,19,ZSPN63PSKCA21NV
The Wing Stop ,,#BD24E,08e189ff-571c-4bce-b608-e1de9dbbd24e,Delivery - Partner Using Uber App,UberEats iOS,Completed,1/28/22,4:24 PM,31.22,2.42,33.64,0,0,0,0,0,0,0,0,33.64,-5.93,0,0,0,0,0,,0,-2.42,0,25.29,2/7/22,0,0,19,ZSPN63PSKCA21NV
The Wing Stop ,,#D15F0,8491294c-6d1b-464f-9427-8c89e1bd15f0,Delivery - Partner Using Uber App,Postmates iOS,Completed,1/28/22,4:54 PM,37.22,2.88,40.1,0,0,0,0,0,0,0,0,40.1,-7.07,0,0,0,0,0,,0,-2.88,0,30.15,2/7/22,0,0,19,ZSPN63PSKCA21NV
The Wing Stop ,,#B12C7,27d45dd0-2248-41c5-bfe9-51bf735b12c7,Delivery - Partner Using Uber App,Postmates iOS,Completed,1/28/22,5:20 PM,33.48,2.59,36.07,0,0,0,0,0,0,0,0,36.07,-6.36,0,0,0,0,0,,0,-2.59,0,27.12,2/7/22,0,0,19,ZSPN63PSKCA21NV
The Wing Stop ,,#53703,e9de941d-1af3-4455-9e9f-61b121853703,Delivery - Partner Using Uber App,UberEats Web,Completed,1/28/22,5:13 PM,19.49,1.51,21,0,0,0,0,0,0,0,0,21,-3.7,0,0,0,0,0,,0,-1.51,0,15.79,2/7/22,0,0,19,ZSPN63PSKCA21NV
The Wing Stop ,,#7A059,b24a7f21-4986-48c3-aa76-cb1870e7a059,Delivery - Partner Using Uber App,UberEats iOS,Completed,1/28/22,5:52 PM,41.24,3.2,44.44,0,0,0,0,0,0,0,0,44.44,-7.84,0,0,0,0,0,,0,-3.2,0,33.4,2/7/22,0,0,19,ZSPN63PSKCA21NV
The Wing Stop ,,#3937E,57b6ca5c-7440-41ee-a75e-8e6ba863937e,Delivery - Partner Using Uber App,Postmates iOS,Completed,1/28/22,7:46 PM,14.24,1.32,15.56,0,0,0,0,0,0,0,0,15.56,-2.71,0,0,0,0,0,,0,-1.32,0,11.53,2/7/22,0,0,19,ZSPN63PSKCA21NV
The Wing Stop ,,#E5D76,e1c6c028-eb14-40b0-9de2-6754c7fe5d76,Delivery - Partner Using Uber App,UberEats iOS,Completed,1/28/22,8:14 PM,39.71,3.08,42.79,0,0,0,0,0,0,0,0,42.79,-7.54,0,0,0,0,0,,0,-3.08,0,32.17,2/7/22,0,0,19,ZSPN63PSKCA21NV
The Wing Stop ,,#28A52,1792f075-5f60-4233-9109-15917b928a52,Delivery - Partner Using Uber App,UberEats iOS,Completed,1/29/22,12:30 PM,17.99,1.39,19.38,0,0,0,0,0,0,0,0,19.38,-3.42,0,0,0,0,0,,0,-1.39,0,14.57,2/7/22,0,0,19,ZSPN63PSKCA21NV
The Wing Stop ,,#A904F,a8e52627-a2a7-4e1b-8b17-c20e35aa904f,Delivery - Partner Using Uber App,UberEats iOS,Completed,1/29/22,5:04 PM,28.97,2.25,31.22,0,0,0,0,0,0,0,0,31.22,-5.5,0,0,0,0,0,,0,-2.25,0,23.47,2/7/22,0,0,19,ZSPN63PSKCA21NV
The Wing Stop ,,#86E53,7b2cd9a6-e3b8-42fc-a138-5b2b87186e53,Delivery - Partner Using Uber App,UberEats iOS,Completed,1/30/22,11:37 AM,17.99,1.39,19.38,0,0,0,0,0,0,0,0,19.38,-3.42,0,0,0,0,0,,0,-1.39,0,14.57,2/7/22,0,0,19,ZSPN63PSKCA21NV
The Wing Stop ,,#151A3,6064caf9-a4e6-4606-98ab-6b34adc151a3,Delivery - Partner Using Uber App,Postmates iOS,Completed,1/30/22,12:24 PM,43.99,3.41,47.4,0,0,0,0,0,0,0,0,47.4,-8.36,0,0,0,0,0,,0,-3.41,0,35.63,2/7/22,0,0,19,ZSPN63PSKCA21NV
The Wing Stop ,,#FD82E,9d5ad2e4-05a4-41f5-9258-acda91bfd82e,Delivery - Partner Using Uber App,UberEats iOS,Completed,1/30/22,1:46 PM,49.97,3.87,53.84,0,0,0,0,0,0,0,0,53.84,-9.49,0,0,0,0,0,,0,-3.87,0,40.48,2/7/22,0,0,19,ZSPN63PSKCA21NV
The Wing Stop ,,#5491F,89305f57-e708-4e0e-ab84-370c0395491f,Delivery - Partner Using Uber App,UberEats Web,Completed,1/30/22,2:35 PM,20.24,1.57,21.81,0,0,0,0,0,0,0,0,21.81,-3.85,0,0,0,0,0,,0,-1.57,0,16.39,2/7/22,0,0,19,ZSPN63PSKCA21NV
The Wing Stop ,,#30011,eee046f1-5c4c-4f09-b7fd-6cc6a9f30011,Delivery - Partner Using Uber App,Postmates iOS,Completed,1/30/22,3:28 PM,11.99,0.93,12.92,0,0,0,0,0,0,0,0,12.92,-2.28,0,0,0,0,0,,0,-0.93,0,9.71,2/7/22,0,0,19,ZSPN63PSKCA21NV
The Wing Stop ,,#256CC,67dddbc0-15c3-4fd5-87a8-fa25fea256cc,Delivery - Partner Using Uber App,Postmates iOS,Completed,1/30/22,3:44 PM,23.26,1.8,25.06,0,0,0,0,0,0,0,0,25.06,-4.42,0,0,0,0,0,,0,-1.8,0,18.84,2/7/22,0,0,19,ZSPN63PSKCA21NV
The Wing Stop ,,#11B2B,cd17807a-450a-4e4f-b9b7-fedb2af11b2b,Delivery - Partner Using Uber App,UberEats iOS,Completed,1/30/22,4:11 PM,37.72,2.92,40.64,0,0,0,0,0,0,0,0,40.64,-7.17,0,0,0,0,0,,0,-2.92,0,30.55,2/7/22,0,0,19,ZSPN63PSKCA21NV
The Wing Stop ,,#5BC3A,6bf10469-2d5e-4672-904a-f7caa4a5bc3a,Delivery - Partner Using Uber App,UberEats iOS,Completed,1/30/22,6:06 PM,27.72,2.15,29.87,0,0,0,0,0,0,0,0,29.87,-5.27,0,0,0,0,0,,0,-2.15,0,22.45,2/7/22,0,0,19,ZSPN63PSKCA21NV
The Wing Stop ,,#717C3,028473bc-d14d-44e3-a450-6ca1a8b717c3,Delivery - Partner Using Uber App,UberEats iOS,Completed,1/31/22,5:50 PM,26.98,2.09,29.07,0,0,0,0,0,0,0,0,29.07,-5.13,0,0,0,0,0,,0,-2.09,0,21.85,2/7/22,0,0,19,ZSPN63PSKCA21NV
Trattoria Contadina ,,#87C6C,504664a6-5a40-4c46-9d5d-72e49e687c6c,Delivery - Partner Using Uber App,UberEats Web,Completed,1/1/22,1:42 PM,29.44,2.28,31.72,0,0,0,0,0,0,0,0,31.72,-5.59,0,0,0,0,0,,0,-2.28,0,23.85,1/3/22,0,0,19,373AI0OZMDRB45J
Trattoria Contadina ,,#DEE0C,8f9e0954-6636-4290-828d-a982981dee0c,Delivery - Partner Using Uber App,UberEats iOS,Completed,1/1/22,5:56 PM,15.97,1.24,17.21,0,0,0,0,0,0,0,0,17.21,-3.03,0,0,0,0,0,,0,-1.24,0,12.94,1/3/22,0,0,19,373AI0OZMDRB45J
Trattoria Contadina ,,#7CACE,2acbb46e-5bae-4ae0-9422-d63b8947cace,Delivery - Partner Using Uber App,UberEats Android,Completed,1/1/22,6:02 PM,27.96,2.17,30.13,0,0,0,0,0,0,0,0,30.13,-5.31,0,0,0,0,0,,0,-2.17,0,22.65,1/3/22,0,0,19,373AI0OZMDRB45J
Trattoria Contadina ,,#E43F1,8ca7d26a-bb16-48ab-9043-f6f497ee43f1,Delivery - Partner Using Uber App,UberEats Android,Completed,1/1/22,6:35 PM,24.98,1.94,26.92,0,0,0,0,0,0,0,0,26.92,-4.75,0,0,0,0,0,,0,-1.94,0,20.23,1/3/22,0,0,19,373AI0OZMDRB45J
Trattoria Contadina ,,#51585,cf40015a-9575-4591-8c46-cacadf751585,Delivery - Partner Using Uber App,UberEats iOS,Completed,1/2/22,2:10 PM,24.98,1.94,26.92,0,0,0,0,0,0,0,0,26.92,-4.75,0,0,0,0,0,,0,-1.94,0,20.23,1/3/22,0,0,19,373AI0OZMDRB45J
Trattoria Contadina ,,#ED5A2,498af793-f293-438a-a5c2-a799ec6ed5a2,Delivery - Partner Using Uber App,Postmates iOS,Completed,1/2/22,5:02 PM,39.96,3.1,43.06,0,0,0,0,0,0,0,0,43.06,-7.59,0,0,0,0,0,,0,-3.1,0,32.37,1/3/22,0,0,19,373AI0OZMDRB45J
Trattoria Contadina ,,#C9675,ef7cb4a0-a937-45b0-98c9-e7964f4c9675,Delivery - Partner Using Uber App,UberEats Android,Completed,1/2/22,6:55 PM,59.19,4.59,63.78,0,0,0,0,0,0,0,0,63.78,-11.25,0,0,0,0,0,,0,-4.59,0,47.94,1/3/22,0,0,19,373AI0OZMDRB45J
Trattoria Contadina ,,,,,Unknown,,,,0,0,0,0,0,0,0,0,0,0,0,0,0,0,0,0,0,0,Restaurant refunds,11.99,0,0,11.99,1/10/22,0,0,,MP0QYV0RCJMQ019
Trattoria Contadina ,,#E258B,315cb596-e6f1-409e-b855-fa35cd7e258b,Delivery - Partner Using Uber App,UberEats iOS,Completed,1/4/22,3:52 PM,23.21,1.8,25.01,0,0,0,0,0,0,0,0,25.01,-4.41,0,0,0,0,0,,0,-1.8,0,18.8,1/10/22,0,0,19,MP0QYV0RCJMQ019
Trattoria Contadina ,,#0045D,334eb395-0a03-47c0-b63a-7c8c3990045d,Delivery - Partner Using Uber App,UberEats Android,Completed,1/4/22,8:56 PM,28.97,2.25,31.22,0,0,0,0,0,0,0,0,31.22,-5.5,0,0,0,0,0,,0,-2.25,0,23.47,1/10/22,0,0,19,MP0QYV0RCJMQ019
Trattoria Contadina ,,#62A7C,9c1e2f6e-76a8-4fbb-a14d-dad20d662a7c,Delivery - Partner Using Uber App,UberEats Android,Completed,1/5/22,1:25 PM,18.98,1.47,20.45,0,0,0,0,0,0,0,0,20.45,-3.61,0,0,0,0,0,,0,-1.47,0,15.37,1/10/22,0,0,19,MP0QYV0RCJMQ019
Trattoria Contadina ,,#351EA,c00b1a33-7ab0-4ada-8413-e365ec6351ea,Delivery - Partner Using Uber App,UberEats iOS,Completed,1/5/22,5:24 PM,33.94,2.63,36.57,0,0,0,0,0,0,0,0,36.57,-6.45,0,0,0,0,0,,0,-2.63,0,27.49,1/10/22,0,0,19,MP0QYV0RCJMQ019
Trattoria Contadina ,,#68BDE,990f4282-f1d6-44b1-bf8e-bdef09c68bde,Delivery - Partner Using Uber App,UberEats iOS,Completed,1/5/22,5:13 PM,36.97,2.87,39.84,0,0,0,0,0,0,0,0,39.84,-7.02,0,0,0,0,0,,0,-2.87,0,29.95,1/10/22,0,0,19,MP0QYV0RCJMQ019
Trattoria Contadina ,,#92F40,2e7e12ba-2530-4e5b-8fe4-110cb4092f40,Delivery - Partner Using Uber App,UberEats iOS,Completed,1/8/22,10:40 AM,31.97,1.7,33.67,0,0,0,0,0,0,0,0,33.67,-6.07,0,0,0,0,0,,0,-1.7,0,25.9,1/10/22,0,0,19,MP0QYV0RCJMQ019
Trattoria Contadina ,,#985AB,645dfc39-363e-44e0-b4e5-726fb84985ab,Delivery - Partner Using Uber App,Postmates iOS,Completed,1/8/22,12:06 PM,37.72,2.92,40.64,0,0,0,0,0,0,0,0,40.64,-7.17,0,0,0,0,0,,0,-2.92,0,30.55,1/10/22,0,0,19,MP0QYV0RCJMQ019
Trattoria Contadina ,,#78920,c476f0aa-26b7-4470-9522-078f10878920,Delivery - Partner Using Uber App,UberEats iOS,Completed,1/8/22,4:23 PM,23.98,1.86,25.84,0,0,0,0,0,0,0,0,25.84,-4.56,0,0,0,0,0,,0,-1.86,0,19.42,1/10/22,0,0,19,MP0QYV0RCJMQ019
Trattoria Contadina ,,#FE989,a2384bb8-3c0f-4f09-a25b-1d31447fe989,Delivery - Partner Using Uber App,Postmates iOS,Completed,1/8/22,5:09 PM,79.92,6.19,86.11,0,0,0,0,0,0,0,0,86.11,-15.18,0,0,0,0,0,,0,-6.19,0,64.74,1/10/22,0,0,19,MP0QYV0RCJMQ019
Trattoria Contadina ,,#474AB,2dedf8df-cb37-4940-8ca0-71ae211474ab,Delivery - Partner Using Uber App,UberEats Android,Completed,1/8/22,6:23 PM,42.93,3.33,46.26,0,0,0,0,0,0,0,0,46.26,-8.16,0,0,0,0,0,,0,-3.33,0,34.77,1/10/22,0,0,19,MP0QYV0RCJMQ019
Trattoria Contadina ,,#63FA0,b36d89b6-dbad-4fe0-8444-480ad5163fa0,Delivery - Partner Using Uber App,Postmates Android,Completed,1/9/22,3:37 PM,24.98,1.94,26.92,0,0,0,0,0,0,0,0,26.92,-4.75,0,0,0,0,0,,0,-1.94,0,20.23,1/10/22,0,0,19,MP0QYV0RCJMQ019
Trattoria Contadina ,,#1D228,a9426a4f-e0ed-40de-bd4d-b3341031d228,Delivery - Partner Using Uber App,Postmates iOS,Completed,1/9/22,5:33 PM,17.98,1.39,19.37,0,0,0,0,0,0,0,0,19.37,-3.42,0,0,0,0,0,,0,-1.39,0,14.56,1/10/22,0,0,19,MP0QYV0RCJMQ019
Trattoria Contadina ,,#92B1E,c654f73f-7094-4e5d-8f40-6b0a00e92b1e,Delivery - Partner Using Uber App,UberEats iOS,Completed,1/9/22,5:49 PM,24.96,1.93,26.89,0,0,0,0,0,0,0,0,26.89,-4.74,0,0,0,0,0,,0,-1.93,0,20.22,1/10/22,0,0,19,MP0QYV0RCJMQ019
Trattoria Contadina ,,#E70CA,c4b20c51-dbad-48ba-a070-11cae07e70ca,Delivery - Partner Using Uber App,UberEats iOS,Completed,1/9/22,6:54 PM,16.98,1.32,18.3,0,0,0,0,0,0,0,0,18.3,-3.23,0,0,0,0,0,,0,-1.32,0,13.75,1/10/22,0,0,19,MP0QYV0RCJMQ019
Trattoria Contadina ,,#A17AC,328162f7-a9ee-4341-b330-2842444a17ac,Delivery - Partner Using Uber App,UberEats iOS,Completed,1/9/22,6:25 PM,48.95,3.79,52.74,0,0,0,0,0,0,0,0,52.74,-9.3,0,0,0,0,0,,0,-3.79,0,39.65,1/10/22,0,0,19,MP0QYV0RCJMQ019
Trattoria Contadina ,,#0F44C,2909eca6-ca8d-4978-bfee-432f2da0f44c,Delivery - Partner Using Uber App,Postmates Android,Completed,1/10/22,7:05 PM,20.98,1.63,22.61,0,0,0,0,0,0,0,0,22.61,-3.99,0,0,0,0,0,,0,-1.63,0,16.99,1/18/22,0,0,19,TULO4JLE3GYGK9A
Trattoria Contadina ,,#271AE,2dd6c2cb-c85c-4512-b75f-37aa45e271ae,Delivery - Partner Using Uber App,Postmates iOS,Completed,1/10/22,7:14 PM,30.7,2.38,33.08,0,0,0,0,0,0,0,0,33.08,-5.83,0,0,0,0,0,,0,-2.38,0,24.87,1/18/22,0,0,19,TULO4JLE3GYGK9A
Trattoria Contadina ,,#57DBA,d4afdd59-c8ec-48a8-ae70-3b648b957dba,Delivery - Partner Using Uber App,UberEats Android,Completed,1/11/22,6:57 PM,56.42,3.6,60.02,0,0,0,0,0,0,0,0,60.02,-10.72,0,0,0,0,0,,0,-3.6,0,45.7,1/18/22,0,0,19,TULO4JLE3GYGK9A
Trattoria Contadina ,,#A17AC,328162f7-a9ee-4341-b330-2842444a17ac,,Unknown,Refund,1/9/22,6:25 PM,-9.99,-0.78,-10.77,0,0,0,0,0,0,0,,0,0,,,0,0,0,,0,0.78,0,-9.99,1/18/22,,,,TULO4JLE3GYGK9A
Trattoria Contadina ,,#56AF4,3bca81b2-93f9-4790-84ee-bc9316b56af4,Delivery - Partner Using Uber App,UberEats iOS,Completed,1/12/22,7:37 PM,35.43,2.75,38.18,0,0,0,0,0,0,0,0,38.18,-6.73,0,0,0,0,0,,0,-2.75,0,28.7,1/18/22,0,0,19,TULO4JLE3GYGK9A
Trattoria Contadina ,,#00466,fc2e7a36-0356-4336-9a67-ecc841000466,Delivery - Partner Using Uber App,UberEats iOS,Completed,1/13/22,3:21 PM,39.95,3.1,43.05,0,0,0,0,0,0,0,0,43.05,-7.59,0,0,0,0,0,,0,-3.1,0,32.36,1/18/22,0,0,19,TULO4JLE3GYGK9A
Trattoria Contadina ,,#06911,fa2dd883-5cb5-4fef-b49c-3f1ae7506911,Delivery - Partner Using Uber App,UberEats iOS,Completed,1/13/22,4:50 PM,13.98,1.08,15.06,0,0,0,0,0,0,0,0,15.06,-2.66,0,0,0,0,0,,0,-1.08,0,11.32,1/18/22,0,0,19,TULO4JLE3GYGK9A
Trattoria Contadina ,,#4B88F,7b03a278-1483-40a3-bed7-92412b44b88f,Delivery - Partner Using Uber App,UberEats iOS,Completed,1/13/22,6:17 PM,17.7,1.37,19.07,0,0,0,0,0,0,0,0,19.07,-3.36,0,0,0,0,0,,0,-1.37,0,14.34,1/18/22,0,0,19,TULO4JLE3GYGK9A
Trattoria Contadina ,,#20E58,fbf13565-96fc-41e6-9ee1-12e8bf020e58,Delivery - Partner Using Uber App,Postmates iOS,Completed,1/14/22,5:50 PM,60.95,4.72,65.67,0,0,0,0,0,0,0,0,65.67,-11.58,0,0,0,0,0,,0,-4.72,0,49.37,1/18/22,0,0,19,TULO4JLE3GYGK9A
Trattoria Contadina ,,#03A5B,f6738782-a317-40ac-9950-2fd48ca03a5b,Delivery - Partner Using Uber App,UberEats iOS,Completed,1/15/22,5:42 PM,51.45,3.99,55.44,0,0,0,0,0,0,0,0,55.44,-9.78,0,0,0,0,0,,0,-3.99,0,41.67,1/18/22,0,0,19,TULO4JLE3GYGK9A
Trattoria Contadina ,,#1D054,25b540f0-79ed-47c5-886c-0982d2c1d054,Delivery - Partner Using Uber App,Postmates iOS,Completed,1/15/22,5:47 PM,28.22,2.19,30.41,0,0,0,0,0,0,0,0,30.41,-5.36,0,0,0,0,0,,0,-2.19,0,22.86,1/18/22,0,0,19,TULO4JLE3GYGK9A
Trattoria Contadina ,,#D3D89,7a1ee731-210f-45b7-9640-2fa4da0d3d89,Delivery - Partner Using Uber App,Postmates Android,Completed,1/15/22,6:40 PM,30.69,2.38,33.07,0,0,0,0,0,0,0,0,33.07,-5.83,0,0,0,0,0,,0,-2.38,0,24.86,1/18/22,0,0,19,TULO4JLE3GYGK9A
Trattoria Contadina ,,#EDE78,a2ee298e-e4a5-4c86-b988-ac5b185ede78,Delivery - Partner Using Uber App,UberEats iOS,Completed,1/15/22,6:56 PM,23.98,1.86,25.84,0,0,0,0,0,0,0,0,25.84,-4.56,0,0,0,0,0,,0,-1.86,0,19.42,1/18/22,0,0,19,TULO4JLE3GYGK9A
Trattoria Contadina ,,#A6749,7fb6d196-38f8-4df9-aa7a-c71806fa6749,Delivery - Partner Using Uber App,UberEats iOS,Completed,1/15/22,8:04 PM,23.7,1.84,25.54,0,0,0,0,0,0,0,0,25.54,-4.5,0,0,0,0,0,,0,-1.84,0,19.2,1/18/22,0,0,19,TULO4JLE3GYGK9A
Trattoria Contadina ,,#20E58,fbf13565-96fc-41e6-9ee1-12e8bf020e58,,Unknown,Refund,1/14/22,5:50 PM,-15.99,-1.24,-17.23,0,0,0,0,0,0,0,,0,0,,,0,0,0,,0,1.24,0,-15.99,1/25/22,,,,37BCUKV2XARU8VL
Trattoria Contadina ,,#07964,ce5d71d6-32dd-4994-a4d5-2175f4007964,Delivery - Partner Using Uber App,UberEats iOS,Completed,1/17/22,4:46 PM,24.96,1.93,26.89,0,0,0,0,0,0,0,0,26.89,-4.74,0,0,0,0,0,,0,-1.93,0,20.22,1/25/22,0,0,19,37BCUKV2XARU8VL
Trattoria Contadina ,,#621C8,93f1d5be-5d52-412c-a1c1-d082d00621c8,Delivery - Partner Using Uber App,UberEats Android,Completed,1/17/22,4:27 PM,9.98,0.77,10.75,0,0,0,0,0,0,0,0,10.75,-1.9,0,0,0,0,0,,0,-0.77,0,8.08,1/25/22,0,0,19,37BCUKV2XARU8VL
Trattoria Contadina ,,#FB3A9,75eded0f-881c-4b89-b37e-3a3d6acfb3a9,Delivery - Partner Using Uber App,Postmates Android,Completed,1/17/22,6:27 PM,51.41,3.98,55.39,0,0,0,0,0,0,0,0,55.39,-9.77,0,0,0,0,0,,0,-3.98,0,41.64,1/25/22,0,0,19,37BCUKV2XARU8VL
Trattoria Contadina ,,#1089B,7e4bd8f5-9fd0-4dde-a4b5-12080d51089b,Delivery - Partner Using Uber App,UberEats iOS,Completed,1/17/22,7:25 PM,23.98,1.86,25.84,0,0,0,0,0,0,0,0,25.84,-4.56,0,0,0,0,0,,0,-1.86,0,19.42,1/25/22,0,0,19,37BCUKV2XARU8VL
Trattoria Contadina ,,,,,Unknown,,,,0,0,0,0,0,0,0,0,0,0,0,0,0,0,0,0,0,0,Restaurant refunds,9.99,0,0,9.99,1/25/22,0,0,,37BCUKV2XARU8VL
Trattoria Contadina ,,#7190E,72dcc341-50f0-4839-b98b-22ef7d77190e,Delivery - Partner Using Uber App,UberEats Android,Completed,1/18/22,8:53 PM,13.99,1.08,15.07,0,0,0,0,0,0,0,0,15.07,-2.66,0,0,0,0,0,,0,-1.08,0,11.33,1/25/22,0,0,19,37BCUKV2XARU8VL
Trattoria Contadina ,,#1E037,da07c3ff-9982-4c19-bf48-8ed179b1e037,Delivery - Partner Using Uber App,UberEats iOS,Completed,1/18/22,9:15 PM,59.16,4.58,63.74,0,0,0,0,0,0,0,0,63.74,-11.24,0,0,0,0,0,,0,-4.58,0,47.92,1/25/22,0,0,19,37BCUKV2XARU8VL
Trattoria Contadina ,,#6E40A,eeb2060d-8e3f-4f01-88bc-b8c17546e40a,Delivery - Partner Using Uber App,Postmates Android,Completed,1/20/22,5:56 PM,20.98,1.63,22.61,0,0,0,0,0,0,0,0,22.61,-3.99,0,0,0,0,0,,0,-1.63,0,16.99,1/25/22,0,0,19,37BCUKV2XARU8VL
Trattoria Contadina ,,#07A52,78d449fa-f802-4a28-af78-021490307a52,Delivery - Partner Using Uber App,UberEats iOS,Completed,1/20/22,7:11 PM,17.7,1.37,19.07,0,0,0,0,0,0,0,0,19.07,-3.36,0,0,0,0,0,,0,-1.37,0,14.34,1/25/22,0,0,19,37BCUKV2XARU8VL
Trattoria Contadina ,,#4AD5F,d656dc9d-9dee-4f55-ab7a-2ee58cd4ad5f,Delivery - Partner Using Uber App,UberEats iOS,Completed,1/22/22,1:08 PM,22.98,1.78,24.76,0,0,0,0,0,0,0,0,24.76,-4.37,0,0,0,0,0,,0,-1.78,0,18.61,1/25/22,0,0,19,37BCUKV2XARU8VL
Trattoria Contadina ,,#A2602,6fb9164c-86fc-40ab-b2af-8b94009a2602,Delivery - Partner Using Uber App,UberEats Android,Completed,1/22/22,9:31 PM,29.72,2.3,32.02,0,0,0,0,0,0,0,0,32.02,-5.65,0,0,0,0,0,,0,-2.3,0,24.07,1/25/22,0,0,19,37BCUKV2XARU8VL
Trattoria Contadina ,,#C9B5C,e9aaf337-61b8-41b3-aac3-beaf141c9b5c,Delivery - Partner Using Uber App,Postmates iOS,Completed,1/24/22,3:50 PM,15.73,1.22,16.95,0,0,0,0,0,0,0,0,16.95,-2.99,0,0,0,0,0,,0,-1.22,0,12.74,2/7/22,0,0,19,7OQQHF8IOTK0G6G
Trattoria Contadina ,,#620B1,572bb491-b9cb-4149-9bdc-6403d12620b1,Delivery - Partner Using Uber App,UberEats Android,Completed,1/24/22,5:38 PM,33.2,2.57,35.77,0,0,0,0,0,0,0,0,35.77,-6.31,0,0,0,0,0,,0,-2.57,0,26.89,2/7/22,0,0,19,7OQQHF8IOTK0G6G
Trattoria Contadina ,,#539C2,dddff03b-41f6-4236-8634-380098c539c2,Delivery - Partner Using Uber App,UberEats iOS,Completed,1/24/22,7:25 PM,28.72,2.23,30.95,0,0,0,0,0,0,0,0,30.95,-5.46,0,0,0,0,0,,0,-2.23,0,23.26,2/7/22,0,0,19,7OQQHF8IOTK0G6G
Trattoria Contadina ,,#45961,9095da4d-fe53-4d96-9e75-d0b40aa45961,Delivery - Partner Using Uber App,UberEats iOS,Completed,1/27/22,6:53 PM,17.7,1.37,19.07,0,0,0,0,0,0,0,0,19.07,-3.36,0,0,0,0,0,,0,-1.37,0,14.34,2/7/22,0,0,19,7OQQHF8IOTK0G6G
Trattoria Contadina ,,#03597,407e848d-b2a1-45d1-8f92-cb894b603597,Delivery - Partner Using Uber App,UberEats iOS,Completed,1/28/22,11:42 AM,39.7,3.08,42.78,0,0,0,0,0,0,0,0,42.78,-7.54,0,0,0,0,0,,0,-3.08,0,32.16,2/7/22,0,0,19,7OQQHF8IOTK0G6G
Trattoria Contadina ,,#B5073,3a4c677d-fcd3-4e32-869c-e61fbdab5073,Delivery - Partner Using Uber App,Postmates iOS,Completed,1/28/22,4:50 PM,40.96,3.17,44.13,0,0,0,0,0,0,0,0,44.13,-7.78,0,0,0,0,0,,0,-3.17,0,33.18,2/7/22,0,0,19,7OQQHF8IOTK0G6G
Trattoria Contadina ,,#F01B2,c4cf07e9-b65c-46ce-8ca7-7f1e504f01b2,Delivery - Partner Using Uber App,Postmates iOS,Completed,1/28/22,5:28 PM,17.98,1.39,19.37,0,0,0,0,0,0,0,0,19.37,-3.42,0,0,0,0,0,,0,-1.39,0,14.56,2/7/22,0,0,19,7OQQHF8IOTK0G6G
Trattoria Contadina ,,#255F7,353a59e0-860f-414e-b162-17e93af255f7,Delivery - Partner Using Uber App,UberEats iOS,Completed,1/29/22,4:49 PM,37.93,2.94,40.87,0,0,0,0,0,0,0,0,40.87,-7.21,0,0,0,0,0,,0,-2.94,0,30.72,2/7/22,0,0,19,7OQQHF8IOTK0G6G
Trattoria Contadina ,,#EAE52,7ac0be25-4d02-4440-957a-679fdefeae52,Delivery - Partner Using Uber App,Postmates iOS,Completed,1/29/22,7:09 PM,39.97,3.1,43.07,0,0,0,0,0,0,0,0,43.07,-7.59,0,0,0,0,0,,0,-3.1,0,32.38,2/7/22,0,0,19,7OQQHF8IOTK0G6G
Trattoria Contadina ,,,,,Unknown,,,,0,0,0,0,0,0,0,0,0,0,0,0,0,0,0,0,0,0,Restaurant refunds,15.99,0,0,15.99,2/7/22,0,0,,7OQQHF8IOTK0G6G
Trattoria Contadina ,,#66D0F,040390aa-df01-42a9-b861-7f2e4c766d0f,Delivery - Partner Using Uber App,UberEats iOS,Completed,1/30/22,5:25 PM,34.95,2.71,37.66,0,0,0,0,0,0,0,0,37.66,-6.64,0,0,0,0,0,,0,-2.71,0,28.31,2/7/22,0,0,19,7OQQHF8IOTK0G6G
Trattoria Contadina ,,#0D4C0,e007820e-9c4a-4e95-970b-6a35f220d4c0,Delivery - Partner Using Uber App,UberEats iOS,Completed,1/31/22,4:21 PM,23.46,1.82,25.28,0,0,0,0,0,0,0,0,25.28,-4.46,0,0,0,0,0,,0,-1.82,0,19,2/7/22,0,0,19,7OQQHF8IOTK0G6G
Trattoria Contadina ,,#01743,3b9eead4-7df2-4900-9eea-732c89a01743,Delivery - Partner Using Uber App,UberEats Android,Completed,1/31/22,7:20 PM,29.72,2.3,32.02,0,0,0,0,0,0,0,0,32.02,-5.65,0,0,0,0,0,,0,-2.3,0,24.07,2/7/22,0,0,19,7OQQHF8IOTK0G6G
